
FarthestFirst
==============

Cluster centroids:

Cluster 0
	 0.20392156862745098 0.14019607843137255 0.26568627450980387 0.2598039215686274 0.2019607843137255 0.31470588235294117 0.29901960784313725 0.19019607843137257 0.580392156862745 0.3813725490196078 0.4490196078431372 0.6892156862745098 0.7068627450980393 0.6725490196078432 0.692156862745098 0.6803921568627451 0.6774509803921569 0.6333333333333333 0.5882352941176471 0.6813725490196078 0.6509803921568628 0.65 0.6803921568627451 0.5950980392156864 0.6068627450980393 0.5607843137254901 0.6676470588235294 0.5274509803921569 0.6323529411764706 0.6264705882352941 0.36274509803921573 0.5901960784313725 0.6284313725490196 0.6598039215686274 0.7382352941176471 0.7156862745098039 0.5882352941176471 0.3764705882352941 0.7274509803921569 0.7009803921568628 0.5666666666666667 0.3264705882352941 0.6088235294117648 0.5843137254901961 0.5617647058823529 0.55 0.4911764705882353 0.48627450980392156 0.538235294117647 0.39607843137254906 0.3784313725490196 0.3 0.5450980392156863 0.46862745098039216 0.4294117647058824 0.4215686274509804 0.35882352941176476 0.16470588235294117 0.47647058823529415 0.4421568627450981 0.4107843137254902 0.34901960784313724 0.6990196078431372 0.1676470588235294 0.25588235294117645 0.7039215686274509 0.1392156862745098 0.6754901960784313 0.6931372549019608 0.6509803921568628 0.6784313725490196 0.7794117647058822 0.5774509803921568 0.13529411764705884 0.13823529411764707 0.13823529411764707 0.19019607843137254 0.6166666666666667 0.646078431372549 0.6843137254901961 sad
Cluster 1
	 0.0 0.0 0.0 0.0 0.0 0.0 0.0 0.0 0.0 0.0 0.0 0.0 0.0 0.0 0.0 0.0 0.0 0.0 0.0 0.0 0.0 0.0 0.0 0.0 0.0 0.0 0.0 0.0 0.0 0.0 0.0 0.0 0.0 0.0 0.0 0.0 0.0 0.0 0.0 0.0 0.0 0.0 0.0 0.0 0.0 0.0 0.0 0.0 0.0 0.0 0.0 0.0 0.0 0.0 0.0 0.0 0.0 0.0 0.0 0.0 0.0 0.0 0.0 0.0 0.0 0.0 0.0 0.0 0.0 0.0 0.0 0.0 0.0 0.0 0.0 0.0 0.0 0.0 0.0 0.0 angry

Clusterer Built in 0.16491007804870605 secs.

Clustering data.
Cluster results

FarthestFirst
==============

Cluster centroids:

Cluster 0
	 0.20392156862745098 0.14019607843137255 0.26568627450980387 0.2598039215686274 0.2019607843137255 0.31470588235294117 0.29901960784313725 0.19019607843137257 0.580392156862745 0.3813725490196078 0.4490196078431372 0.6892156862745098 0.7068627450980393 0.6725490196078432 0.692156862745098 0.6803921568627451 0.6774509803921569 0.6333333333333333 0.5882352941176471 0.6813725490196078 0.6509803921568628 0.65 0.6803921568627451 0.5950980392156864 0.6068627450980393 0.5607843137254901 0.6676470588235294 0.5274509803921569 0.6323529411764706 0.6264705882352941 0.36274509803921573 0.5901960784313725 0.6284313725490196 0.6598039215686274 0.7382352941176471 0.7156862745098039 0.5882352941176471 0.3764705882352941 0.7274509803921569 0.7009803921568628 0.5666666666666667 0.3264705882352941 0.6088235294117648 0.5843137254901961 0.5617647058823529 0.55 0.4911764705882353 0.48627450980392156 0.538235294117647 0.39607843137254906 0.3784313725490196 0.3 0.5450980392156863 0.46862745098039216 0.4294117647058824 0.4215686274509804 0.35882352941176476 0.16470588235294117 0.47647058823529415 0.4421568627450981 0.4107843137254902 0.34901960784313724 0.6990196078431372 0.1676470588235294 0.25588235294117645 0.7039215686274509 0.1392156862745098 0.6754901960784313 0.6931372549019608 0.6509803921568628 0.6784313725490196 0.7794117647058822 0.5774509803921568 0.13529411764705884 0.13823529411764707 0.13823529411764707 0.19019607843137254 0.6166666666666667 0.646078431372549 0.6843137254901961 sad
Cluster 1
	 0.0 0.0 0.0 0.0 0.0 0.0 0.0 0.0 0.0 0.0 0.0 0.0 0.0 0.0 0.0 0.0 0.0 0.0 0.0 0.0 0.0 0.0 0.0 0.0 0.0 0.0 0.0 0.0 0.0 0.0 0.0 0.0 0.0 0.0 0.0 0.0 0.0 0.0 0.0 0.0 0.0 0.0 0.0 0.0 0.0 0.0 0.0 0.0 0.0 0.0 0.0 0.0 0.0 0.0 0.0 0.0 0.0 0.0 0.0 0.0 0.0 0.0 0.0 0.0 0.0 0.0 0.0 0.0 0.0 0.0 0.0 0.0 0.0 0.0 0.0 0.0 0.0 0.0 0.0 0.0 angry

Clustered Instances

0      34156 ( 95%)
1       1731 (  5%)


Class attribute: emotion
Classes to Clusters:

    0    1  <-- assigned to cluster
 4624  329 | angry
  532   15 | disgust
 4943  178 | fear
 8681  308 | happy
 5864  334 | neutral
 5566  511 | sad
 3946   56 | suprise

Cluster 0 <-- happy
Cluster 1 <-- sad

Incorrectly clustered instances :	26695.0	 74.3863 %

Classes to clusters
[3 5]
Clustered data in 0.08943963050842285 secs.
