
FarthestFirst
==============

Cluster centroids:

Cluster 0
	 0.20392156862745098 0.14019607843137255 0.26568627450980387 0.2598039215686274 0.2019607843137255 0.31470588235294117 0.29901960784313725 0.19019607843137257 0.580392156862745 0.3813725490196078 0.4490196078431372 0.6892156862745098 0.7068627450980393 0.6725490196078432 0.692156862745098 0.6803921568627451 0.6774509803921569 0.6333333333333333 0.5882352941176471 0.6813725490196078 0.6509803921568628 0.65 0.6803921568627451 0.5950980392156864 0.6068627450980393 0.5607843137254901 0.6676470588235294 0.5274509803921569 0.6323529411764706 0.6264705882352941 0.36274509803921573 0.5901960784313725 0.6284313725490196 0.6598039215686274 0.7382352941176471 0.7156862745098039 0.5882352941176471 0.3764705882352941 0.7274509803921569 0.7009803921568628 0.5666666666666667 0.3264705882352941 0.6088235294117648 0.5843137254901961 0.5617647058823529 0.55 0.4911764705882353 0.48627450980392156 0.538235294117647 0.39607843137254906 0.3784313725490196 0.3 0.5450980392156863 0.46862745098039216 0.4294117647058824 0.4215686274509804 0.35882352941176476 0.16470588235294117 0.47647058823529415 0.4421568627450981 0.4107843137254902 0.34901960784313724 0.6990196078431372 0.1676470588235294 0.25588235294117645 0.7039215686274509 0.1392156862745098 0.6754901960784313 0.6931372549019608 0.6509803921568628 0.6784313725490196 0.7794117647058822 0.5774509803921568 0.13529411764705884 0.13823529411764707 0.13823529411764707 0.19019607843137254 0.6166666666666667 0.646078431372549 0.6843137254901961 sad
Cluster 1
	 0.0 0.0 0.0 0.0 0.0 0.0 0.0 0.0 0.0 0.0 0.0 0.0 0.0 0.0 0.0 0.0 0.0 0.0 0.0 0.0 0.0 0.0 0.0 0.0 0.0 0.0 0.0 0.0 0.0 0.0 0.0 0.0 0.0 0.0 0.0 0.0 0.0 0.0 0.0 0.0 0.0 0.0 0.0 0.0 0.0 0.0 0.0 0.0 0.0 0.0 0.0 0.0 0.0 0.0 0.0 0.0 0.0 0.0 0.0 0.0 0.0 0.0 0.0 0.0 0.0 0.0 0.0 0.0 0.0 0.0 0.0 0.0 0.0 0.0 0.0 0.0 0.0 0.0 0.0 0.0 angry
Cluster 2
	 0.9558823529411765 0.9549019607843138 0.9549019607843138 0.9549019607843138 0.9647058823529412 0.9647058823529412 0.9647058823529412 0.9686274509803922 0.9676470588235294 0.9666666666666667 0.9794117647058823 0.9823529411764705 0.9862745098039216 0.9862745098039216 0.9901960784313726 0.9882352941176471 0.9882352941176471 0.9882352941176471 0.9392156862745098 0.9921568627450981 0.9921568627450981 0.9921568627450981 0.9892156862745098 0.9921568627450981 0.9921568627450981 0.9921568627450981 0.9931372549019608 0.9921568627450981 0.7392156862745098 0.7803921568627452 0.996078431372549 0.9764705882352941 0.9696078431372549 0.9843137254901961 0.9343137254901961 0.9705882352941176 0.9911764705882353 0.9980392156862745 0.7686274509803922 0.8333333333333334 0.9921568627450981 0.9921568627450981 0.907843137254902 0.9098039215686274 0.9921568627450981 0.9921568627450981 0.9911764705882353 0.9911764705882353 0.9921568627450981 0.9921568627450981 0.9911764705882353 0.9921568627450981 0.9921568627450981 0.9882352941176471 0.9882352941176471 0.9882352941176471 0.9882352941176471 0.9882352941176471 0.9882352941176471 0.9882352941176471 0.9882352941176471 0.9882352941176471 0.9882352941176471 0.984313725490196 0.984313725490196 0.984313725490196 0.984313725490196 0.984313725490196 0.984313725490196 0.984313725490196 0.984313725490196 0.984313725490196 0.984313725490196 0.9823529411764705 0.9823529411764705 0.9823529411764705 0.9833333333333333 0.984313725490196 0.9823529411764705 0.9823529411764705 neutral
Cluster 3
	 0.9882352941176471 0.9882352941176471 0.9882352941176471 0.9882352941176471 0.9882352941176471 0.16372549019607846 0.9882352941176471 0.9882352941176471 0.03137254901960784 0.9882352941176471 0.9872549019607844 0.24215686274509807 0.3568627450980392 0.4745098039215686 0.00784313725490196 0.4598039215686275 0.37254901960784315 0.31176470588235294 0.9823529411764707 0.18627450980392157 0.442156862745098 0.5558823529411765 0.03529411764705882 0.22941176470588232 0.35882352941176465 0.5382352941176471 0.01764705882352941 0.36176470588235293 0.014705882352941176 0.1480392156862745 0.6950980392156862 0.9852941176470589 0.00784313725490196 0.17549019607843136 0.10882352941176471 0.21862745098039216 0.3 0.7999999999999999 0.03431372549019608 0.07058823529411765 0.31470588235294117 0.9882352941176471 0.9882352941176471 0.06764705882352942 0.4911764705882353 0.6088235294117647 0.8009803921568627 0.027450980392156862 0.4647058823529412 0.9882352941176471 0.1215686274509804 0.9588235294117647 0.9882352941176471 0.28431372549019607 0.05294117647058824 0.09313725490196079 0.1264705882352941 0.9882352941176471 0.946078431372549 0.4372549019607843 0.05392156862745098 0.052941176470588235 0.9245098039215687 0.9882352941176471 0.9892156862745098 0.2823529411764706 0.9882352941176471 0.2980392156862745 0.5490196078431373 0.5166666666666666 0.5529411764705883 0.9882352941176471 0.9882352941176471 0.9882352941176471 0.9921568627450981 0.9921568627450981 0.27941176470588236 0.0029411764705882353 0.010784313725490196 0.38921568627450975 sad
Cluster 4
	 0.8990196078431373 0.634313725490196 0.9401960784313725 0.9372549019607843 0.9490196078431372 0.9568627450980391 0.9411764705882353 0.9519607843137254 0.9784313725490197 0.9529411764705883 0.9647058823529412 0.9774509803921568 0.7000000000000001 0.6431372549019608 0.00392156862745098 0.0058823529411764705 0.006862745098039216 0.00392156862745098 0.6950980392156862 0.0 0.27450980392156865 0.07549019607843138 0.0 0.0058823529411764705 0.9676470588235295 0.5627450980392157 0.0 0.8627450980392156 0.14215686274509803 0.42058823529411765 0.19019607843137254 0.9843137254901961 0.6666666666666666 0.9490196078431372 0.9362745098039216 0.9431372549019608 0.9539215686274509 0.7519607843137255 0.9284313725490196 0.9431372549019608 0.9323529411764706 0.996078431372549 0.9921568627450981 0.9166666666666667 0.9098039215686274 0.7843137254901962 0.8686274509803922 0.8392156862745097 0.8588235294117648 0.996078431372549 0.6470588235294118 0.996078431372549 0.996078431372549 0.6754901960784314 0.7274509803921567 0.7196078431372548 0.657843137254902 0.9931372549019608 0.6627450980392158 0.5441176470588235 0.5323529411764706 0.6431372549019608 0.996078431372549 0.9931372549019608 0.8931372549019607 0.27058823529411763 0.06666666666666667 0.020588235294117647 0.3666666666666667 0.027450980392156862 0.27156862745098037 0.006862745098039216 0.004901960784313725 0.15294117647058825 0.008823529411764706 0.1568627450980392 0.7352941176470588 0.5186274509803922 0.045098039215686274 0.5745098039215686 neutral
Cluster 5
	 0.9490196078431373 0.8686274509803922 1.0 1.0 0.996078431372549 1.0 1.0 0.9931372549019608 1.0 1.0 1.0 1.0 1.0 1.0 0.8205882352941177 1.0 1.0 0.9980392156862745 0.5509803921568628 0.9950980392156863 1.0 1.0 0.9970588235294118 0.8794117647058823 0.9950980392156863 0.9980392156862745 1.0 0.6176470588235294 0.3088235294117647 0.11666666666666667 0.32745098039215687 0.1284313725490196 0.15490196078431373 0.22156862745098038 0.19313725490196082 0.21764705882352942 0.6313725490196078 0.642156862745098 0.2196078431372549 0.21274509803921568 0.28627450980392155 0.17450980392156865 0.10098039215686275 0.20392156862745098 0.1196078431372549 0.6598039215686275 0.17352941176470588 0.18235294117647058 0.6450980392156863 0.9950980392156863 0.4843137254901961 0.7215686274509805 0.08431372549019607 0.16568627450980392 0.09901960784313726 0.5568627450980392 0.5235294117647059 1.0 0.1588235294117647 0.10392156862745099 0.5176470588235293 0.3137254901960784 0.10980392156862745 1.0 0.1 0.10196078431372549 0.1392156862745098 0.08921568627450979 0.07450980392156863 0.025490196078431372 0.042156862745098035 1.0 1.0 0.8892156862745098 0.1303921568627451 0.11568627450980393 0.08823529411764705 0.027450980392156862 0.047058823529411764 0.07352941176470587 fear
Cluster 6
	 0.9980392156862745 0.4068627450980392 0.9990196078431373 1.0 1.0 0.5911764705882353 1.0 0.9950980392156863 0.6058823529411764 1.0 0.996078431372549 0.6431372549019607 0.2411764705882353 0.32450980392156864 0.0058823529411764705 0.00392156862745098 0.00196078431372549 0.0058823529411764705 0.9911764705882353 0.00392156862745098 0.018627450980392157 0.1892156862745098 0.12745098039215685 0.010784313725490196 0.10980392156862745 0.457843137254902 0.2107843137254902 0.4607843137254902 0.41862745098039217 0.3529411764705882 0.41666666666666663 1.0 0.3058823529411765 0.2803921568627451 0.24313725490196078 0.28921568627450983 0.21666666666666667 0.18627450980392157 0.21372549019607845 0.21176470588235294 0.23039215686274508 0.11764705882352941 0.9921568627450981 0.2 0.15490196078431373 0.1843137254901961 0.20588235294117646 0.18137254901960784 0.2303921568627451 0.00784313725490196 0.1970588235294118 0.0 0.0 0.5009803921568627 0.5411764705882353 0.49215686274509807 0.5470588235294117 0.0 0.446078431372549 0.49215686274509807 0.5705882352941176 0.5401960784313725 0.0 0.0 0.5441176470588236 0.00392156862745098 0.1568627450980392 0.1392156862745098 0.0 0.0 0.0 0.0 9.80392156862745E-4 0.040196078431372545 0.1392156862745098 0.1264705882352941 0.21568627450980393 0.27941176470588236 0.16764705882352943 0.0029411764705882353 happy
Cluster 7
	 0.0 0.0 0.0 0.0 0.0 0.0 0.0 0.0 0.0 0.0 0.0 0.0 0.0 0.0 0.00196078431372549 0.00196078431372549 0.00196078431372549 0.00196078431372549 0.503921568627451 0.503921568627451 0.503921568627451 0.503921568627451 0.996078431372549 0.996078431372549 0.9980392156862745 0.9980392156862745 0.973529411764706 1.0 0.9990196078431373 0.9294117647058824 0.0 1.0 0.9852941176470589 0.9852941176470589 0.8882352941176471 0.9901960784313726 0.00784313725490196 0.0 0.9196078431372549 0.9147058823529411 0.0 0.0 1.0 0.9911764705882353 0.0 0.0 1.0 0.9813725490196079 0.0 0.9941176470588236 0.9941176470588236 0.0 0.0 0.8784313725490196 0.8784313725490196 0.8784313725490196 0.8715686274509804 0.00392156862745098 0.00392156862745098 0.00392156862745098 0.00392156862745098 0.00392156862745098 0.0 0.0 0.0 0.0 0.0 0.0 0.0 0.0 0.0 0.0 0.0 0.0 0.0 0.0 0.0 0.0 0.0 0.0 sad
Cluster 8
	 0.025490196078431372 0.03137254901960784 0.09901960784313724 0.10392156862745099 0.010784313725490196 0.09019607843137255 0.11372549019607844 0.00784313725490196 0.14411764705882354 0.12156862745098039 0.1450980392156863 0.05 0.08431372549019608 0.025490196078431372 0.2127450980392157 0.055882352941176466 0.047058823529411764 0.10980392156862745 0.016666666666666666 0.4803921568627451 0.11078431372549019 0.09901960784313726 0.18823529411764706 0.6764705882352942 0.31176470588235294 0.2715686274509804 0.07941176470588235 0.23137254901960785 0.07647058823529412 0.35686274509803917 0.25 0.21274509803921568 0.25980392156862747 0.9274509803921569 0.7686274509803921 0.8156862745098039 0.10490196078431373 0.18725490196078431 0.6911764705882353 0.7009803921568627 0.1411764705882353 0.20098039215686275 0.05784313725490196 0.7098039215686274 0.16470588235294117 0.11862745098039215 0.7911764705882354 0.7578431372549019 0.12549019607843137 0.05784313725490196 0.8803921568627451 0.12941176470588237 0.12941176470588237 0.8852941176470589 0.9392156862745098 0.9382352941176471 0.942156862745098 0.10980392156862746 0.9401960784313725 0.9401960784313725 0.9411764705882353 0.942156862745098 0.06568627450980392 0.07450980392156863 0.9411764705882353 0.44999999999999996 0.9450980392156862 0.8372549019607843 0.7343137254901961 0.05686274509803921 0.024509803921568627 0.14019607843137255 0.10686274509803921 0.9254901960784313 0.9411764705882353 0.9450980392156862 0.9411764705882353 0.9313725490196079 0.9264705882352942 0.8686274509803922 fear
Cluster 9
	 0.9509803921568627 0.9607843137254901 0.9196078431372549 0.9147058823529411 0.9529411764705883 0.23725490196078436 0.9333333333333332 0.9598039215686275 0.38333333333333336 0.942156862745098 0.919607843137255 0.4117647058823529 0.876470588235294 0.6862745098039216 0.5362745098039216 0.930392156862745 0.8970588235294117 0.7960784313725491 9.80392156862745E-4 0.9823529411764705 0.9323529411764706 0.9019607843137255 0.7323529411764707 0.9882352941176471 0.9294117647058823 0.884313725490196 0.553921568627451 0.8647058823529412 0.8558823529411765 0.9725490196078431 0.9352941176470588 0.13529411764705881 0.9588235294117647 0.9343137254901961 0.9735294117647059 0.9578431372549019 0.25392156862745097 0.9588235294117647 0.9696078431372549 0.9411764705882353 0.2911764705882353 0.9598039215686275 0.24705882352941178 0.9568627450980391 0.25980392156862747 0.2245098039215686 0.9598039215686274 0.9196078431372549 0.17254901960784316 0.07058823529411765 0.4362745098039216 0.014705882352941176 0.21666666666666665 0.7401960784313726 0.3911764705882353 0.13627450980392158 0.19215686274509802 0.2215686274509804 0.7686274509803921 0.4205882352941176 0.27058823529411763 0.2362745098039216 0.0029411764705882353 0.012745098039215686 0.3852941176470588 0.0 0.6147058823529412 0.0 0.0 0.00196078431372549 0.00784313725490196 0.03529411764705882 0.10882352941176471 0.838235294117647 0.7676470588235295 0.5411764705882353 0.1284313725490196 0.0 0.0 0.0 neutral

Clusterer Built in 0.17197251319885254 secs.

Clustering data.
Cluster results

FarthestFirst
==============

Cluster centroids:

Cluster 0
	 0.20392156862745098 0.14019607843137255 0.26568627450980387 0.2598039215686274 0.2019607843137255 0.31470588235294117 0.29901960784313725 0.19019607843137257 0.580392156862745 0.3813725490196078 0.4490196078431372 0.6892156862745098 0.7068627450980393 0.6725490196078432 0.692156862745098 0.6803921568627451 0.6774509803921569 0.6333333333333333 0.5882352941176471 0.6813725490196078 0.6509803921568628 0.65 0.6803921568627451 0.5950980392156864 0.6068627450980393 0.5607843137254901 0.6676470588235294 0.5274509803921569 0.6323529411764706 0.6264705882352941 0.36274509803921573 0.5901960784313725 0.6284313725490196 0.6598039215686274 0.7382352941176471 0.7156862745098039 0.5882352941176471 0.3764705882352941 0.7274509803921569 0.7009803921568628 0.5666666666666667 0.3264705882352941 0.6088235294117648 0.5843137254901961 0.5617647058823529 0.55 0.4911764705882353 0.48627450980392156 0.538235294117647 0.39607843137254906 0.3784313725490196 0.3 0.5450980392156863 0.46862745098039216 0.4294117647058824 0.4215686274509804 0.35882352941176476 0.16470588235294117 0.47647058823529415 0.4421568627450981 0.4107843137254902 0.34901960784313724 0.6990196078431372 0.1676470588235294 0.25588235294117645 0.7039215686274509 0.1392156862745098 0.6754901960784313 0.6931372549019608 0.6509803921568628 0.6784313725490196 0.7794117647058822 0.5774509803921568 0.13529411764705884 0.13823529411764707 0.13823529411764707 0.19019607843137254 0.6166666666666667 0.646078431372549 0.6843137254901961 sad
Cluster 1
	 0.0 0.0 0.0 0.0 0.0 0.0 0.0 0.0 0.0 0.0 0.0 0.0 0.0 0.0 0.0 0.0 0.0 0.0 0.0 0.0 0.0 0.0 0.0 0.0 0.0 0.0 0.0 0.0 0.0 0.0 0.0 0.0 0.0 0.0 0.0 0.0 0.0 0.0 0.0 0.0 0.0 0.0 0.0 0.0 0.0 0.0 0.0 0.0 0.0 0.0 0.0 0.0 0.0 0.0 0.0 0.0 0.0 0.0 0.0 0.0 0.0 0.0 0.0 0.0 0.0 0.0 0.0 0.0 0.0 0.0 0.0 0.0 0.0 0.0 0.0 0.0 0.0 0.0 0.0 0.0 angry
Cluster 2
	 0.9558823529411765 0.9549019607843138 0.9549019607843138 0.9549019607843138 0.9647058823529412 0.9647058823529412 0.9647058823529412 0.9686274509803922 0.9676470588235294 0.9666666666666667 0.9794117647058823 0.9823529411764705 0.9862745098039216 0.9862745098039216 0.9901960784313726 0.9882352941176471 0.9882352941176471 0.9882352941176471 0.9392156862745098 0.9921568627450981 0.9921568627450981 0.9921568627450981 0.9892156862745098 0.9921568627450981 0.9921568627450981 0.9921568627450981 0.9931372549019608 0.9921568627450981 0.7392156862745098 0.7803921568627452 0.996078431372549 0.9764705882352941 0.9696078431372549 0.9843137254901961 0.9343137254901961 0.9705882352941176 0.9911764705882353 0.9980392156862745 0.7686274509803922 0.8333333333333334 0.9921568627450981 0.9921568627450981 0.907843137254902 0.9098039215686274 0.9921568627450981 0.9921568627450981 0.9911764705882353 0.9911764705882353 0.9921568627450981 0.9921568627450981 0.9911764705882353 0.9921568627450981 0.9921568627450981 0.9882352941176471 0.9882352941176471 0.9882352941176471 0.9882352941176471 0.9882352941176471 0.9882352941176471 0.9882352941176471 0.9882352941176471 0.9882352941176471 0.9882352941176471 0.984313725490196 0.984313725490196 0.984313725490196 0.984313725490196 0.984313725490196 0.984313725490196 0.984313725490196 0.984313725490196 0.984313725490196 0.984313725490196 0.9823529411764705 0.9823529411764705 0.9823529411764705 0.9833333333333333 0.984313725490196 0.9823529411764705 0.9823529411764705 neutral
Cluster 3
	 0.9882352941176471 0.9882352941176471 0.9882352941176471 0.9882352941176471 0.9882352941176471 0.16372549019607846 0.9882352941176471 0.9882352941176471 0.03137254901960784 0.9882352941176471 0.9872549019607844 0.24215686274509807 0.3568627450980392 0.4745098039215686 0.00784313725490196 0.4598039215686275 0.37254901960784315 0.31176470588235294 0.9823529411764707 0.18627450980392157 0.442156862745098 0.5558823529411765 0.03529411764705882 0.22941176470588232 0.35882352941176465 0.5382352941176471 0.01764705882352941 0.36176470588235293 0.014705882352941176 0.1480392156862745 0.6950980392156862 0.9852941176470589 0.00784313725490196 0.17549019607843136 0.10882352941176471 0.21862745098039216 0.3 0.7999999999999999 0.03431372549019608 0.07058823529411765 0.31470588235294117 0.9882352941176471 0.9882352941176471 0.06764705882352942 0.4911764705882353 0.6088235294117647 0.8009803921568627 0.027450980392156862 0.4647058823529412 0.9882352941176471 0.1215686274509804 0.9588235294117647 0.9882352941176471 0.28431372549019607 0.05294117647058824 0.09313725490196079 0.1264705882352941 0.9882352941176471 0.946078431372549 0.4372549019607843 0.05392156862745098 0.052941176470588235 0.9245098039215687 0.9882352941176471 0.9892156862745098 0.2823529411764706 0.9882352941176471 0.2980392156862745 0.5490196078431373 0.5166666666666666 0.5529411764705883 0.9882352941176471 0.9882352941176471 0.9882352941176471 0.9921568627450981 0.9921568627450981 0.27941176470588236 0.0029411764705882353 0.010784313725490196 0.38921568627450975 sad
Cluster 4
	 0.8990196078431373 0.634313725490196 0.9401960784313725 0.9372549019607843 0.9490196078431372 0.9568627450980391 0.9411764705882353 0.9519607843137254 0.9784313725490197 0.9529411764705883 0.9647058823529412 0.9774509803921568 0.7000000000000001 0.6431372549019608 0.00392156862745098 0.0058823529411764705 0.006862745098039216 0.00392156862745098 0.6950980392156862 0.0 0.27450980392156865 0.07549019607843138 0.0 0.0058823529411764705 0.9676470588235295 0.5627450980392157 0.0 0.8627450980392156 0.14215686274509803 0.42058823529411765 0.19019607843137254 0.9843137254901961 0.6666666666666666 0.9490196078431372 0.9362745098039216 0.9431372549019608 0.9539215686274509 0.7519607843137255 0.9284313725490196 0.9431372549019608 0.9323529411764706 0.996078431372549 0.9921568627450981 0.9166666666666667 0.9098039215686274 0.7843137254901962 0.8686274509803922 0.8392156862745097 0.8588235294117648 0.996078431372549 0.6470588235294118 0.996078431372549 0.996078431372549 0.6754901960784314 0.7274509803921567 0.7196078431372548 0.657843137254902 0.9931372549019608 0.6627450980392158 0.5441176470588235 0.5323529411764706 0.6431372549019608 0.996078431372549 0.9931372549019608 0.8931372549019607 0.27058823529411763 0.06666666666666667 0.020588235294117647 0.3666666666666667 0.027450980392156862 0.27156862745098037 0.006862745098039216 0.004901960784313725 0.15294117647058825 0.008823529411764706 0.1568627450980392 0.7352941176470588 0.5186274509803922 0.045098039215686274 0.5745098039215686 neutral
Cluster 5
	 0.9490196078431373 0.8686274509803922 1.0 1.0 0.996078431372549 1.0 1.0 0.9931372549019608 1.0 1.0 1.0 1.0 1.0 1.0 0.8205882352941177 1.0 1.0 0.9980392156862745 0.5509803921568628 0.9950980392156863 1.0 1.0 0.9970588235294118 0.8794117647058823 0.9950980392156863 0.9980392156862745 1.0 0.6176470588235294 0.3088235294117647 0.11666666666666667 0.32745098039215687 0.1284313725490196 0.15490196078431373 0.22156862745098038 0.19313725490196082 0.21764705882352942 0.6313725490196078 0.642156862745098 0.2196078431372549 0.21274509803921568 0.28627450980392155 0.17450980392156865 0.10098039215686275 0.20392156862745098 0.1196078431372549 0.6598039215686275 0.17352941176470588 0.18235294117647058 0.6450980392156863 0.9950980392156863 0.4843137254901961 0.7215686274509805 0.08431372549019607 0.16568627450980392 0.09901960784313726 0.5568627450980392 0.5235294117647059 1.0 0.1588235294117647 0.10392156862745099 0.5176470588235293 0.3137254901960784 0.10980392156862745 1.0 0.1 0.10196078431372549 0.1392156862745098 0.08921568627450979 0.07450980392156863 0.025490196078431372 0.042156862745098035 1.0 1.0 0.8892156862745098 0.1303921568627451 0.11568627450980393 0.08823529411764705 0.027450980392156862 0.047058823529411764 0.07352941176470587 fear
Cluster 6
	 0.9980392156862745 0.4068627450980392 0.9990196078431373 1.0 1.0 0.5911764705882353 1.0 0.9950980392156863 0.6058823529411764 1.0 0.996078431372549 0.6431372549019607 0.2411764705882353 0.32450980392156864 0.0058823529411764705 0.00392156862745098 0.00196078431372549 0.0058823529411764705 0.9911764705882353 0.00392156862745098 0.018627450980392157 0.1892156862745098 0.12745098039215685 0.010784313725490196 0.10980392156862745 0.457843137254902 0.2107843137254902 0.4607843137254902 0.41862745098039217 0.3529411764705882 0.41666666666666663 1.0 0.3058823529411765 0.2803921568627451 0.24313725490196078 0.28921568627450983 0.21666666666666667 0.18627450980392157 0.21372549019607845 0.21176470588235294 0.23039215686274508 0.11764705882352941 0.9921568627450981 0.2 0.15490196078431373 0.1843137254901961 0.20588235294117646 0.18137254901960784 0.2303921568627451 0.00784313725490196 0.1970588235294118 0.0 0.0 0.5009803921568627 0.5411764705882353 0.49215686274509807 0.5470588235294117 0.0 0.446078431372549 0.49215686274509807 0.5705882352941176 0.5401960784313725 0.0 0.0 0.5441176470588236 0.00392156862745098 0.1568627450980392 0.1392156862745098 0.0 0.0 0.0 0.0 9.80392156862745E-4 0.040196078431372545 0.1392156862745098 0.1264705882352941 0.21568627450980393 0.27941176470588236 0.16764705882352943 0.0029411764705882353 happy
Cluster 7
	 0.0 0.0 0.0 0.0 0.0 0.0 0.0 0.0 0.0 0.0 0.0 0.0 0.0 0.0 0.00196078431372549 0.00196078431372549 0.00196078431372549 0.00196078431372549 0.503921568627451 0.503921568627451 0.503921568627451 0.503921568627451 0.996078431372549 0.996078431372549 0.9980392156862745 0.9980392156862745 0.973529411764706 1.0 0.9990196078431373 0.9294117647058824 0.0 1.0 0.9852941176470589 0.9852941176470589 0.8882352941176471 0.9901960784313726 0.00784313725490196 0.0 0.9196078431372549 0.9147058823529411 0.0 0.0 1.0 0.9911764705882353 0.0 0.0 1.0 0.9813725490196079 0.0 0.9941176470588236 0.9941176470588236 0.0 0.0 0.8784313725490196 0.8784313725490196 0.8784313725490196 0.8715686274509804 0.00392156862745098 0.00392156862745098 0.00392156862745098 0.00392156862745098 0.00392156862745098 0.0 0.0 0.0 0.0 0.0 0.0 0.0 0.0 0.0 0.0 0.0 0.0 0.0 0.0 0.0 0.0 0.0 0.0 sad
Cluster 8
	 0.025490196078431372 0.03137254901960784 0.09901960784313724 0.10392156862745099 0.010784313725490196 0.09019607843137255 0.11372549019607844 0.00784313725490196 0.14411764705882354 0.12156862745098039 0.1450980392156863 0.05 0.08431372549019608 0.025490196078431372 0.2127450980392157 0.055882352941176466 0.047058823529411764 0.10980392156862745 0.016666666666666666 0.4803921568627451 0.11078431372549019 0.09901960784313726 0.18823529411764706 0.6764705882352942 0.31176470588235294 0.2715686274509804 0.07941176470588235 0.23137254901960785 0.07647058823529412 0.35686274509803917 0.25 0.21274509803921568 0.25980392156862747 0.9274509803921569 0.7686274509803921 0.8156862745098039 0.10490196078431373 0.18725490196078431 0.6911764705882353 0.7009803921568627 0.1411764705882353 0.20098039215686275 0.05784313725490196 0.7098039215686274 0.16470588235294117 0.11862745098039215 0.7911764705882354 0.7578431372549019 0.12549019607843137 0.05784313725490196 0.8803921568627451 0.12941176470588237 0.12941176470588237 0.8852941176470589 0.9392156862745098 0.9382352941176471 0.942156862745098 0.10980392156862746 0.9401960784313725 0.9401960784313725 0.9411764705882353 0.942156862745098 0.06568627450980392 0.07450980392156863 0.9411764705882353 0.44999999999999996 0.9450980392156862 0.8372549019607843 0.7343137254901961 0.05686274509803921 0.024509803921568627 0.14019607843137255 0.10686274509803921 0.9254901960784313 0.9411764705882353 0.9450980392156862 0.9411764705882353 0.9313725490196079 0.9264705882352942 0.8686274509803922 fear
Cluster 9
	 0.9509803921568627 0.9607843137254901 0.9196078431372549 0.9147058823529411 0.9529411764705883 0.23725490196078436 0.9333333333333332 0.9598039215686275 0.38333333333333336 0.942156862745098 0.919607843137255 0.4117647058823529 0.876470588235294 0.6862745098039216 0.5362745098039216 0.930392156862745 0.8970588235294117 0.7960784313725491 9.80392156862745E-4 0.9823529411764705 0.9323529411764706 0.9019607843137255 0.7323529411764707 0.9882352941176471 0.9294117647058823 0.884313725490196 0.553921568627451 0.8647058823529412 0.8558823529411765 0.9725490196078431 0.9352941176470588 0.13529411764705881 0.9588235294117647 0.9343137254901961 0.9735294117647059 0.9578431372549019 0.25392156862745097 0.9588235294117647 0.9696078431372549 0.9411764705882353 0.2911764705882353 0.9598039215686275 0.24705882352941178 0.9568627450980391 0.25980392156862747 0.2245098039215686 0.9598039215686274 0.9196078431372549 0.17254901960784316 0.07058823529411765 0.4362745098039216 0.014705882352941176 0.21666666666666665 0.7401960784313726 0.3911764705882353 0.13627450980392158 0.19215686274509802 0.2215686274509804 0.7686274509803921 0.4205882352941176 0.27058823529411763 0.2362745098039216 0.0029411764705882353 0.012745098039215686 0.3852941176470588 0.0 0.6147058823529412 0.0 0.0 0.00196078431372549 0.00784313725490196 0.03529411764705882 0.10882352941176471 0.838235294117647 0.7676470588235295 0.5411764705882353 0.1284313725490196 0.0 0.0 0.0 neutral

Clustered Instances

 0      30906 ( 86%)
 1       1638 (  5%)
 2       2592 (  7%)
 3         28 (  0%)
 4         49 (  0%)
 5         32 (  0%)
 6        504 (  1%)
 7          1 (  0%)
 8         51 (  0%)
 9         86 (  0%)


Class attribute: emotion
Classes to Clusters:

    0    1    2    3    4    5    6    7    8    9  <-- assigned to cluster
 4237  316  262    7   10   10   92    0    1   18 | angry
  482   15   49    0    0    0    1    0    0    0 | disgust
 4415  165  444    2    5    8   55    0   12   15 | fear
 7955  281  596    2    5    8  118    0   16    8 | happy
 5406  311  335    8   14    2  101    0    8   13 | neutral
 5172  496  245    7   13    4  116    1   12   11 | sad
 3239   54  661    2    2    0   21    0    2   21 | suprise

Cluster  0 <-- happy
Cluster  1 <-- sad
Cluster  2 <-- suprise
Cluster  3 <-- No class
Cluster  4 <-- No class
Cluster  5 <-- No class
Cluster  6 <-- neutral
Cluster  7 <-- No class
Cluster  8 <-- fear
Cluster  9 <-- angry

Incorrectly clustered instances :	26644.0	 74.2442 %

Classes to clusters
[ 3  5  6 -1 -1 -1  4 -1  2  0]
Clustered data in 0.2500731945037842 secs.
