
FarthestFirst
==============

Cluster centroids:

Cluster 0
	 0.20392156862745098 0.14019607843137255 0.26568627450980387 0.2598039215686274 0.2019607843137255 0.31470588235294117 0.29901960784313725 0.19019607843137257 0.580392156862745 0.3813725490196078 0.4490196078431372 0.6892156862745098 0.7068627450980393 0.6725490196078432 0.692156862745098 0.6803921568627451 0.6774509803921569 0.6333333333333333 0.5882352941176471 0.6813725490196078 0.6509803921568628 0.65 0.6803921568627451 0.5950980392156864 0.6068627450980393 0.5607843137254901 0.6676470588235294 0.5274509803921569 0.6323529411764706 0.6264705882352941 0.36274509803921573 0.5901960784313725 0.6284313725490196 0.6598039215686274 0.7382352941176471 0.7156862745098039 0.5882352941176471 0.3764705882352941 0.7274509803921569 0.7009803921568628 0.5666666666666667 0.3264705882352941 0.6088235294117648 0.5843137254901961 0.5617647058823529 0.55 0.4911764705882353 0.48627450980392156 0.538235294117647 0.39607843137254906 0.3784313725490196 0.3 0.5450980392156863 0.46862745098039216 0.4294117647058824 0.4215686274509804 0.35882352941176476 0.16470588235294117 0.47647058823529415 0.4421568627450981 0.4107843137254902 0.34901960784313724 0.6990196078431372 0.1676470588235294 0.25588235294117645 0.7039215686274509 0.1392156862745098 0.6754901960784313 0.6931372549019608 0.6509803921568628 0.6784313725490196 0.7794117647058822 0.5774509803921568 0.13529411764705884 0.13823529411764707 0.13823529411764707 0.19019607843137254 0.6166666666666667 0.646078431372549 0.6843137254901961 sad
Cluster 1
	 0.0 0.0 0.0 0.0 0.0 0.0 0.0 0.0 0.0 0.0 0.0 0.0 0.0 0.0 0.0 0.0 0.0 0.0 0.0 0.0 0.0 0.0 0.0 0.0 0.0 0.0 0.0 0.0 0.0 0.0 0.0 0.0 0.0 0.0 0.0 0.0 0.0 0.0 0.0 0.0 0.0 0.0 0.0 0.0 0.0 0.0 0.0 0.0 0.0 0.0 0.0 0.0 0.0 0.0 0.0 0.0 0.0 0.0 0.0 0.0 0.0 0.0 0.0 0.0 0.0 0.0 0.0 0.0 0.0 0.0 0.0 0.0 0.0 0.0 0.0 0.0 0.0 0.0 0.0 0.0 angry
Cluster 2
	 0.9558823529411765 0.9549019607843138 0.9549019607843138 0.9549019607843138 0.9647058823529412 0.9647058823529412 0.9647058823529412 0.9686274509803922 0.9676470588235294 0.9666666666666667 0.9794117647058823 0.9823529411764705 0.9862745098039216 0.9862745098039216 0.9901960784313726 0.9882352941176471 0.9882352941176471 0.9882352941176471 0.9392156862745098 0.9921568627450981 0.9921568627450981 0.9921568627450981 0.9892156862745098 0.9921568627450981 0.9921568627450981 0.9921568627450981 0.9931372549019608 0.9921568627450981 0.7392156862745098 0.7803921568627452 0.996078431372549 0.9764705882352941 0.9696078431372549 0.9843137254901961 0.9343137254901961 0.9705882352941176 0.9911764705882353 0.9980392156862745 0.7686274509803922 0.8333333333333334 0.9921568627450981 0.9921568627450981 0.907843137254902 0.9098039215686274 0.9921568627450981 0.9921568627450981 0.9911764705882353 0.9911764705882353 0.9921568627450981 0.9921568627450981 0.9911764705882353 0.9921568627450981 0.9921568627450981 0.9882352941176471 0.9882352941176471 0.9882352941176471 0.9882352941176471 0.9882352941176471 0.9882352941176471 0.9882352941176471 0.9882352941176471 0.9882352941176471 0.9882352941176471 0.984313725490196 0.984313725490196 0.984313725490196 0.984313725490196 0.984313725490196 0.984313725490196 0.984313725490196 0.984313725490196 0.984313725490196 0.984313725490196 0.9823529411764705 0.9823529411764705 0.9823529411764705 0.9833333333333333 0.984313725490196 0.9823529411764705 0.9823529411764705 neutral
Cluster 3
	 0.9882352941176471 0.9882352941176471 0.9882352941176471 0.9882352941176471 0.9882352941176471 0.16372549019607846 0.9882352941176471 0.9882352941176471 0.03137254901960784 0.9882352941176471 0.9872549019607844 0.24215686274509807 0.3568627450980392 0.4745098039215686 0.00784313725490196 0.4598039215686275 0.37254901960784315 0.31176470588235294 0.9823529411764707 0.18627450980392157 0.442156862745098 0.5558823529411765 0.03529411764705882 0.22941176470588232 0.35882352941176465 0.5382352941176471 0.01764705882352941 0.36176470588235293 0.014705882352941176 0.1480392156862745 0.6950980392156862 0.9852941176470589 0.00784313725490196 0.17549019607843136 0.10882352941176471 0.21862745098039216 0.3 0.7999999999999999 0.03431372549019608 0.07058823529411765 0.31470588235294117 0.9882352941176471 0.9882352941176471 0.06764705882352942 0.4911764705882353 0.6088235294117647 0.8009803921568627 0.027450980392156862 0.4647058823529412 0.9882352941176471 0.1215686274509804 0.9588235294117647 0.9882352941176471 0.28431372549019607 0.05294117647058824 0.09313725490196079 0.1264705882352941 0.9882352941176471 0.946078431372549 0.4372549019607843 0.05392156862745098 0.052941176470588235 0.9245098039215687 0.9882352941176471 0.9892156862745098 0.2823529411764706 0.9882352941176471 0.2980392156862745 0.5490196078431373 0.5166666666666666 0.5529411764705883 0.9882352941176471 0.9882352941176471 0.9882352941176471 0.9921568627450981 0.9921568627450981 0.27941176470588236 0.0029411764705882353 0.010784313725490196 0.38921568627450975 sad
Cluster 4
	 0.8990196078431373 0.634313725490196 0.9401960784313725 0.9372549019607843 0.9490196078431372 0.9568627450980391 0.9411764705882353 0.9519607843137254 0.9784313725490197 0.9529411764705883 0.9647058823529412 0.9774509803921568 0.7000000000000001 0.6431372549019608 0.00392156862745098 0.0058823529411764705 0.006862745098039216 0.00392156862745098 0.6950980392156862 0.0 0.27450980392156865 0.07549019607843138 0.0 0.0058823529411764705 0.9676470588235295 0.5627450980392157 0.0 0.8627450980392156 0.14215686274509803 0.42058823529411765 0.19019607843137254 0.9843137254901961 0.6666666666666666 0.9490196078431372 0.9362745098039216 0.9431372549019608 0.9539215686274509 0.7519607843137255 0.9284313725490196 0.9431372549019608 0.9323529411764706 0.996078431372549 0.9921568627450981 0.9166666666666667 0.9098039215686274 0.7843137254901962 0.8686274509803922 0.8392156862745097 0.8588235294117648 0.996078431372549 0.6470588235294118 0.996078431372549 0.996078431372549 0.6754901960784314 0.7274509803921567 0.7196078431372548 0.657843137254902 0.9931372549019608 0.6627450980392158 0.5441176470588235 0.5323529411764706 0.6431372549019608 0.996078431372549 0.9931372549019608 0.8931372549019607 0.27058823529411763 0.06666666666666667 0.020588235294117647 0.3666666666666667 0.027450980392156862 0.27156862745098037 0.006862745098039216 0.004901960784313725 0.15294117647058825 0.008823529411764706 0.1568627450980392 0.7352941176470588 0.5186274509803922 0.045098039215686274 0.5745098039215686 neutral
Cluster 5
	 0.9490196078431373 0.8686274509803922 1.0 1.0 0.996078431372549 1.0 1.0 0.9931372549019608 1.0 1.0 1.0 1.0 1.0 1.0 0.8205882352941177 1.0 1.0 0.9980392156862745 0.5509803921568628 0.9950980392156863 1.0 1.0 0.9970588235294118 0.8794117647058823 0.9950980392156863 0.9980392156862745 1.0 0.6176470588235294 0.3088235294117647 0.11666666666666667 0.32745098039215687 0.1284313725490196 0.15490196078431373 0.22156862745098038 0.19313725490196082 0.21764705882352942 0.6313725490196078 0.642156862745098 0.2196078431372549 0.21274509803921568 0.28627450980392155 0.17450980392156865 0.10098039215686275 0.20392156862745098 0.1196078431372549 0.6598039215686275 0.17352941176470588 0.18235294117647058 0.6450980392156863 0.9950980392156863 0.4843137254901961 0.7215686274509805 0.08431372549019607 0.16568627450980392 0.09901960784313726 0.5568627450980392 0.5235294117647059 1.0 0.1588235294117647 0.10392156862745099 0.5176470588235293 0.3137254901960784 0.10980392156862745 1.0 0.1 0.10196078431372549 0.1392156862745098 0.08921568627450979 0.07450980392156863 0.025490196078431372 0.042156862745098035 1.0 1.0 0.8892156862745098 0.1303921568627451 0.11568627450980393 0.08823529411764705 0.027450980392156862 0.047058823529411764 0.07352941176470587 fear
Cluster 6
	 0.9980392156862745 0.4068627450980392 0.9990196078431373 1.0 1.0 0.5911764705882353 1.0 0.9950980392156863 0.6058823529411764 1.0 0.996078431372549 0.6431372549019607 0.2411764705882353 0.32450980392156864 0.0058823529411764705 0.00392156862745098 0.00196078431372549 0.0058823529411764705 0.9911764705882353 0.00392156862745098 0.018627450980392157 0.1892156862745098 0.12745098039215685 0.010784313725490196 0.10980392156862745 0.457843137254902 0.2107843137254902 0.4607843137254902 0.41862745098039217 0.3529411764705882 0.41666666666666663 1.0 0.3058823529411765 0.2803921568627451 0.24313725490196078 0.28921568627450983 0.21666666666666667 0.18627450980392157 0.21372549019607845 0.21176470588235294 0.23039215686274508 0.11764705882352941 0.9921568627450981 0.2 0.15490196078431373 0.1843137254901961 0.20588235294117646 0.18137254901960784 0.2303921568627451 0.00784313725490196 0.1970588235294118 0.0 0.0 0.5009803921568627 0.5411764705882353 0.49215686274509807 0.5470588235294117 0.0 0.446078431372549 0.49215686274509807 0.5705882352941176 0.5401960784313725 0.0 0.0 0.5441176470588236 0.00392156862745098 0.1568627450980392 0.1392156862745098 0.0 0.0 0.0 0.0 9.80392156862745E-4 0.040196078431372545 0.1392156862745098 0.1264705882352941 0.21568627450980393 0.27941176470588236 0.16764705882352943 0.0029411764705882353 happy

Clusterer Built in 0.1304631233215332 secs.

Clustering data.
Cluster results

FarthestFirst
==============

Cluster centroids:

Cluster 0
	 0.20392156862745098 0.14019607843137255 0.26568627450980387 0.2598039215686274 0.2019607843137255 0.31470588235294117 0.29901960784313725 0.19019607843137257 0.580392156862745 0.3813725490196078 0.4490196078431372 0.6892156862745098 0.7068627450980393 0.6725490196078432 0.692156862745098 0.6803921568627451 0.6774509803921569 0.6333333333333333 0.5882352941176471 0.6813725490196078 0.6509803921568628 0.65 0.6803921568627451 0.5950980392156864 0.6068627450980393 0.5607843137254901 0.6676470588235294 0.5274509803921569 0.6323529411764706 0.6264705882352941 0.36274509803921573 0.5901960784313725 0.6284313725490196 0.6598039215686274 0.7382352941176471 0.7156862745098039 0.5882352941176471 0.3764705882352941 0.7274509803921569 0.7009803921568628 0.5666666666666667 0.3264705882352941 0.6088235294117648 0.5843137254901961 0.5617647058823529 0.55 0.4911764705882353 0.48627450980392156 0.538235294117647 0.39607843137254906 0.3784313725490196 0.3 0.5450980392156863 0.46862745098039216 0.4294117647058824 0.4215686274509804 0.35882352941176476 0.16470588235294117 0.47647058823529415 0.4421568627450981 0.4107843137254902 0.34901960784313724 0.6990196078431372 0.1676470588235294 0.25588235294117645 0.7039215686274509 0.1392156862745098 0.6754901960784313 0.6931372549019608 0.6509803921568628 0.6784313725490196 0.7794117647058822 0.5774509803921568 0.13529411764705884 0.13823529411764707 0.13823529411764707 0.19019607843137254 0.6166666666666667 0.646078431372549 0.6843137254901961 sad
Cluster 1
	 0.0 0.0 0.0 0.0 0.0 0.0 0.0 0.0 0.0 0.0 0.0 0.0 0.0 0.0 0.0 0.0 0.0 0.0 0.0 0.0 0.0 0.0 0.0 0.0 0.0 0.0 0.0 0.0 0.0 0.0 0.0 0.0 0.0 0.0 0.0 0.0 0.0 0.0 0.0 0.0 0.0 0.0 0.0 0.0 0.0 0.0 0.0 0.0 0.0 0.0 0.0 0.0 0.0 0.0 0.0 0.0 0.0 0.0 0.0 0.0 0.0 0.0 0.0 0.0 0.0 0.0 0.0 0.0 0.0 0.0 0.0 0.0 0.0 0.0 0.0 0.0 0.0 0.0 0.0 0.0 angry
Cluster 2
	 0.9558823529411765 0.9549019607843138 0.9549019607843138 0.9549019607843138 0.9647058823529412 0.9647058823529412 0.9647058823529412 0.9686274509803922 0.9676470588235294 0.9666666666666667 0.9794117647058823 0.9823529411764705 0.9862745098039216 0.9862745098039216 0.9901960784313726 0.9882352941176471 0.9882352941176471 0.9882352941176471 0.9392156862745098 0.9921568627450981 0.9921568627450981 0.9921568627450981 0.9892156862745098 0.9921568627450981 0.9921568627450981 0.9921568627450981 0.9931372549019608 0.9921568627450981 0.7392156862745098 0.7803921568627452 0.996078431372549 0.9764705882352941 0.9696078431372549 0.9843137254901961 0.9343137254901961 0.9705882352941176 0.9911764705882353 0.9980392156862745 0.7686274509803922 0.8333333333333334 0.9921568627450981 0.9921568627450981 0.907843137254902 0.9098039215686274 0.9921568627450981 0.9921568627450981 0.9911764705882353 0.9911764705882353 0.9921568627450981 0.9921568627450981 0.9911764705882353 0.9921568627450981 0.9921568627450981 0.9882352941176471 0.9882352941176471 0.9882352941176471 0.9882352941176471 0.9882352941176471 0.9882352941176471 0.9882352941176471 0.9882352941176471 0.9882352941176471 0.9882352941176471 0.984313725490196 0.984313725490196 0.984313725490196 0.984313725490196 0.984313725490196 0.984313725490196 0.984313725490196 0.984313725490196 0.984313725490196 0.984313725490196 0.9823529411764705 0.9823529411764705 0.9823529411764705 0.9833333333333333 0.984313725490196 0.9823529411764705 0.9823529411764705 neutral
Cluster 3
	 0.9882352941176471 0.9882352941176471 0.9882352941176471 0.9882352941176471 0.9882352941176471 0.16372549019607846 0.9882352941176471 0.9882352941176471 0.03137254901960784 0.9882352941176471 0.9872549019607844 0.24215686274509807 0.3568627450980392 0.4745098039215686 0.00784313725490196 0.4598039215686275 0.37254901960784315 0.31176470588235294 0.9823529411764707 0.18627450980392157 0.442156862745098 0.5558823529411765 0.03529411764705882 0.22941176470588232 0.35882352941176465 0.5382352941176471 0.01764705882352941 0.36176470588235293 0.014705882352941176 0.1480392156862745 0.6950980392156862 0.9852941176470589 0.00784313725490196 0.17549019607843136 0.10882352941176471 0.21862745098039216 0.3 0.7999999999999999 0.03431372549019608 0.07058823529411765 0.31470588235294117 0.9882352941176471 0.9882352941176471 0.06764705882352942 0.4911764705882353 0.6088235294117647 0.8009803921568627 0.027450980392156862 0.4647058823529412 0.9882352941176471 0.1215686274509804 0.9588235294117647 0.9882352941176471 0.28431372549019607 0.05294117647058824 0.09313725490196079 0.1264705882352941 0.9882352941176471 0.946078431372549 0.4372549019607843 0.05392156862745098 0.052941176470588235 0.9245098039215687 0.9882352941176471 0.9892156862745098 0.2823529411764706 0.9882352941176471 0.2980392156862745 0.5490196078431373 0.5166666666666666 0.5529411764705883 0.9882352941176471 0.9882352941176471 0.9882352941176471 0.9921568627450981 0.9921568627450981 0.27941176470588236 0.0029411764705882353 0.010784313725490196 0.38921568627450975 sad
Cluster 4
	 0.8990196078431373 0.634313725490196 0.9401960784313725 0.9372549019607843 0.9490196078431372 0.9568627450980391 0.9411764705882353 0.9519607843137254 0.9784313725490197 0.9529411764705883 0.9647058823529412 0.9774509803921568 0.7000000000000001 0.6431372549019608 0.00392156862745098 0.0058823529411764705 0.006862745098039216 0.00392156862745098 0.6950980392156862 0.0 0.27450980392156865 0.07549019607843138 0.0 0.0058823529411764705 0.9676470588235295 0.5627450980392157 0.0 0.8627450980392156 0.14215686274509803 0.42058823529411765 0.19019607843137254 0.9843137254901961 0.6666666666666666 0.9490196078431372 0.9362745098039216 0.9431372549019608 0.9539215686274509 0.7519607843137255 0.9284313725490196 0.9431372549019608 0.9323529411764706 0.996078431372549 0.9921568627450981 0.9166666666666667 0.9098039215686274 0.7843137254901962 0.8686274509803922 0.8392156862745097 0.8588235294117648 0.996078431372549 0.6470588235294118 0.996078431372549 0.996078431372549 0.6754901960784314 0.7274509803921567 0.7196078431372548 0.657843137254902 0.9931372549019608 0.6627450980392158 0.5441176470588235 0.5323529411764706 0.6431372549019608 0.996078431372549 0.9931372549019608 0.8931372549019607 0.27058823529411763 0.06666666666666667 0.020588235294117647 0.3666666666666667 0.027450980392156862 0.27156862745098037 0.006862745098039216 0.004901960784313725 0.15294117647058825 0.008823529411764706 0.1568627450980392 0.7352941176470588 0.5186274509803922 0.045098039215686274 0.5745098039215686 neutral
Cluster 5
	 0.9490196078431373 0.8686274509803922 1.0 1.0 0.996078431372549 1.0 1.0 0.9931372549019608 1.0 1.0 1.0 1.0 1.0 1.0 0.8205882352941177 1.0 1.0 0.9980392156862745 0.5509803921568628 0.9950980392156863 1.0 1.0 0.9970588235294118 0.8794117647058823 0.9950980392156863 0.9980392156862745 1.0 0.6176470588235294 0.3088235294117647 0.11666666666666667 0.32745098039215687 0.1284313725490196 0.15490196078431373 0.22156862745098038 0.19313725490196082 0.21764705882352942 0.6313725490196078 0.642156862745098 0.2196078431372549 0.21274509803921568 0.28627450980392155 0.17450980392156865 0.10098039215686275 0.20392156862745098 0.1196078431372549 0.6598039215686275 0.17352941176470588 0.18235294117647058 0.6450980392156863 0.9950980392156863 0.4843137254901961 0.7215686274509805 0.08431372549019607 0.16568627450980392 0.09901960784313726 0.5568627450980392 0.5235294117647059 1.0 0.1588235294117647 0.10392156862745099 0.5176470588235293 0.3137254901960784 0.10980392156862745 1.0 0.1 0.10196078431372549 0.1392156862745098 0.08921568627450979 0.07450980392156863 0.025490196078431372 0.042156862745098035 1.0 1.0 0.8892156862745098 0.1303921568627451 0.11568627450980393 0.08823529411764705 0.027450980392156862 0.047058823529411764 0.07352941176470587 fear
Cluster 6
	 0.9980392156862745 0.4068627450980392 0.9990196078431373 1.0 1.0 0.5911764705882353 1.0 0.9950980392156863 0.6058823529411764 1.0 0.996078431372549 0.6431372549019607 0.2411764705882353 0.32450980392156864 0.0058823529411764705 0.00392156862745098 0.00196078431372549 0.0058823529411764705 0.9911764705882353 0.00392156862745098 0.018627450980392157 0.1892156862745098 0.12745098039215685 0.010784313725490196 0.10980392156862745 0.457843137254902 0.2107843137254902 0.4607843137254902 0.41862745098039217 0.3529411764705882 0.41666666666666663 1.0 0.3058823529411765 0.2803921568627451 0.24313725490196078 0.28921568627450983 0.21666666666666667 0.18627450980392157 0.21372549019607845 0.21176470588235294 0.23039215686274508 0.11764705882352941 0.9921568627450981 0.2 0.15490196078431373 0.1843137254901961 0.20588235294117646 0.18137254901960784 0.2303921568627451 0.00784313725490196 0.1970588235294118 0.0 0.0 0.5009803921568627 0.5411764705882353 0.49215686274509807 0.5470588235294117 0.0 0.446078431372549 0.49215686274509807 0.5705882352941176 0.5401960784313725 0.0 0.0 0.5441176470588236 0.00392156862745098 0.1568627450980392 0.1392156862745098 0.0 0.0 0.0 0.0 9.80392156862745E-4 0.040196078431372545 0.1392156862745098 0.1264705882352941 0.21568627450980393 0.27941176470588236 0.16764705882352943 0.0029411764705882353 happy

Clustered Instances

0      31024 ( 86%)
1       1642 (  5%)
2       2597 (  7%)
3         28 (  0%)
4         51 (  0%)
5         38 (  0%)
6        507 (  1%)


Class attribute: emotion
Classes to Clusters:

    0    1    2    3    4    5    6  <-- assigned to cluster
 4252  316  263    7   10   13   92 | angry
  482   15   49    0    0    0    1 | disgust
 4440  165  445    2    5    8   56 | fear
 7977  281  596    2    5    9  119 | happy
 5423  311  336    8   14    4  102 | neutral
 5193  499  245    7   13    4  116 | sad
 3257   55  663    2    4    0   21 | suprise

Cluster 0 <-- happy
Cluster 1 <-- sad
Cluster 2 <-- suprise
Cluster 3 <-- No class
Cluster 4 <-- angry
Cluster 5 <-- fear
Cluster 6 <-- neutral

Incorrectly clustered instances :	26628.0	 74.1996 %

Classes to clusters
[ 3  5  6 -1  0  2  4]
Clustered data in 0.13312387466430664 secs.
