
kMeans
======

Number of iterations: 22
Within cluster sum of squared errors: 160439.9521393545

Initial starting points (random):

Cluster 0: 0.523529,0.62451,0.331373,0.310784,0.581373,0.64902,0.338235,0.558824,0.578431,0.344118,0.155882,0.410784,0.337255,0.37451,0.332353,0.344118,0.258824,0.25,0.368627,0.773529,0.317647,0.384314,0.410784,0.694118,0.341176,0.383333,0.436275,0.458824,0.385294,0.469608,0.454902,0.072549,0.541176,0.559804,0.364706,0.456863,0.509804,0.167647,0.436275,0.487255,0.485294,0.142157,0.037255,0.455882,0.452941,0.541176,0.260784,0.316667,0.478431,0.073529,0.219608,0.217647,0.093137,0.301961,0.391176,0.352941,0.312745,0.037255,0.378431,0.464706,0.532353,0.585294,0.159804,0.348039,0.555882,0.442157,0.382353,0.569608,0.456863,0.245098,0.305882,0.384314,0.284314,0.185294,0.277451,0.432353,0.54902,0.568627,0.584314,0.594118,sad
Cluster 1: 0.997059,0.455882,1,1,1,0.468627,1,1,0.568627,1,1,0.578431,0.593137,0.576471,0.567647,0.588235,0.578431,0.558824,0.815686,0.326471,0.546078,0.57451,0.604902,0.226471,0.598039,0.634314,0.638235,0.632353,0.665686,0.548039,0.763725,0.996078,0.568627,0.492157,0.545098,0.57451,0.438235,0.731373,0.608824,0.62451,0.458824,1,0.942157,0.586275,0.653922,0.548039,0.393137,0.669608,0.42451,0.983333,0.563725,0.998039,1,0.507843,0.520588,0.590196,0.709804,0.99902,0.530392,0.546078,0.601961,0.683333,1,1,0.567647,0.995098,0.567647,0.719608,0.996078,1,1,0.998039,0.633333,0.535294,0.453922,0.461765,0.510784,0.663725,0.693137,0.930392,happy

Missing values globally replaced with mean/mode

Final cluster centroids:
                       Cluster#
Attribute   Full Data         0         1
            (35887.0) (18770.0) (17117.0)
=========================================
pixel1         0.4398    0.3133    0.5784
pixel4         0.4255    0.3332    0.5268
pixel22        0.4361    0.3098    0.5746
pixel23        0.4582    0.3219    0.6076
pixel24        0.4531    0.3193    0.5998
pixel37        0.5661     0.494    0.6451
pixel47        0.4499    0.3145    0.5983
pixel48        0.4461    0.3134    0.5917
pixel59        0.5961    0.5223    0.6771
pixel71        0.4427    0.3098    0.5885
pixel119       0.4334    0.3048    0.5744
pixel131       0.6235    0.5449    0.7097
pixel155        0.612    0.5295    0.7024
pixel156       0.6115    0.5292    0.7018
pixel173        0.486    0.4004    0.5799
pixel179       0.5936    0.5065     0.689
pixel180       0.5935    0.5058    0.6897
pixel181       0.5571    0.4716    0.6509
pixel192       0.4493    0.3173     0.594
pixel200       0.4535    0.3833    0.5304
pixel203       0.5871    0.4999    0.6828
pixel204       0.5892    0.5011    0.6858
pixel220       0.4973     0.405    0.5985
pixel225       0.4917    0.4186    0.5719
pixel227       0.6038    0.5219    0.6937
pixel228       0.6081    0.5259    0.6983
pixel244       0.5315    0.4383    0.6338
pixel252       0.6315    0.5559    0.7144
pixel292       0.5782    0.4838    0.6816
pixel294       0.6244    0.5442    0.7122
pixel307       0.5814    0.4951     0.676
pixel312       0.4736    0.3298    0.6313
pixel317        0.609    0.5213    0.7051
pixel320       0.6211    0.5426    0.7072
pixel343       0.6128    0.5307    0.7029
pixel344       0.5957    0.5145    0.6847
pixel351       0.5901    0.5135    0.6741
pixel356       0.5233     0.419    0.6378
pixel367       0.5847    0.5005    0.6771
pixel368       0.5741    0.4912    0.6651
pixel376       0.5804    0.5005     0.668
pixel383       0.4663    0.3251    0.6212
pixel384       0.4711    0.3181    0.6389
pixel391       0.5596    0.4746    0.6527
pixel400       0.5587    0.4785    0.6467
pixel401       0.5551    0.4706    0.6477
pixel415       0.5359    0.4493     0.631
pixel416       0.5327    0.4501    0.6232
pixel424       0.5347    0.4541     0.623
pixel432       0.4676    0.3104    0.6401
pixel444       0.4986    0.4302    0.5735
pixel453       0.4572    0.3233     0.604
pixel455       0.4576    0.3093    0.6203
pixel466       0.4827    0.4138    0.5583
pixel467       0.4877    0.4217      0.56
pixel468       0.4883    0.4231    0.5599
pixel469       0.4854    0.4196    0.5575
pixel481       0.4548    0.3026    0.6217
pixel490       0.4938    0.4229    0.5714
pixel491       0.4945    0.4259    0.5698
pixel492       0.4942    0.4262    0.5689
pixel493       0.4932    0.4256    0.5673
pixel503       0.4538    0.3063    0.6156
pixel504       0.4608    0.3082    0.6281
pixel515       0.5061    0.4323     0.587
pixel522       0.4636     0.353    0.5848
pixel535       0.4805    0.3789    0.5919
pixel544       0.4827    0.3867     0.588
pixel547       0.4378    0.3193    0.5677
pixel550       0.4411    0.3044     0.591
pixel551       0.4482    0.3084    0.6014
pixel552       0.4592    0.3172    0.6149
pixel554       0.4431    0.3084    0.5908
pixel558       0.4504    0.3416    0.5698
pixel559       0.4633    0.3589    0.5778
pixel560       0.4781    0.3794    0.5862
pixel563       0.5012    0.4157    0.5951
pixel566       0.4941    0.4055    0.5914
pixel567       0.4816    0.3874    0.5848
pixel569       0.4505    0.3456    0.5656
emotion         happy     happy     happy


Clusterer Built in 1.0917344093322754 secs.

Clustering data.
Cluster results

kMeans
======

Number of iterations: 22
Within cluster sum of squared errors: 160439.9521393545

Initial starting points (random):

Cluster 0: 0.523529,0.62451,0.331373,0.310784,0.581373,0.64902,0.338235,0.558824,0.578431,0.344118,0.155882,0.410784,0.337255,0.37451,0.332353,0.344118,0.258824,0.25,0.368627,0.773529,0.317647,0.384314,0.410784,0.694118,0.341176,0.383333,0.436275,0.458824,0.385294,0.469608,0.454902,0.072549,0.541176,0.559804,0.364706,0.456863,0.509804,0.167647,0.436275,0.487255,0.485294,0.142157,0.037255,0.455882,0.452941,0.541176,0.260784,0.316667,0.478431,0.073529,0.219608,0.217647,0.093137,0.301961,0.391176,0.352941,0.312745,0.037255,0.378431,0.464706,0.532353,0.585294,0.159804,0.348039,0.555882,0.442157,0.382353,0.569608,0.456863,0.245098,0.305882,0.384314,0.284314,0.185294,0.277451,0.432353,0.54902,0.568627,0.584314,0.594118,sad
Cluster 1: 0.997059,0.455882,1,1,1,0.468627,1,1,0.568627,1,1,0.578431,0.593137,0.576471,0.567647,0.588235,0.578431,0.558824,0.815686,0.326471,0.546078,0.57451,0.604902,0.226471,0.598039,0.634314,0.638235,0.632353,0.665686,0.548039,0.763725,0.996078,0.568627,0.492157,0.545098,0.57451,0.438235,0.731373,0.608824,0.62451,0.458824,1,0.942157,0.586275,0.653922,0.548039,0.393137,0.669608,0.42451,0.983333,0.563725,0.998039,1,0.507843,0.520588,0.590196,0.709804,0.99902,0.530392,0.546078,0.601961,0.683333,1,1,0.567647,0.995098,0.567647,0.719608,0.996078,1,1,0.998039,0.633333,0.535294,0.453922,0.461765,0.510784,0.663725,0.693137,0.930392,happy

Missing values globally replaced with mean/mode

Final cluster centroids:
                       Cluster#
Attribute   Full Data         0         1
            (35887.0) (18770.0) (17117.0)
=========================================
pixel1         0.4398    0.3133    0.5784
pixel4         0.4255    0.3332    0.5268
pixel22        0.4361    0.3098    0.5746
pixel23        0.4582    0.3219    0.6076
pixel24        0.4531    0.3193    0.5998
pixel37        0.5661     0.494    0.6451
pixel47        0.4499    0.3145    0.5983
pixel48        0.4461    0.3134    0.5917
pixel59        0.5961    0.5223    0.6771
pixel71        0.4427    0.3098    0.5885
pixel119       0.4334    0.3048    0.5744
pixel131       0.6235    0.5449    0.7097
pixel155        0.612    0.5295    0.7024
pixel156       0.6115    0.5292    0.7018
pixel173        0.486    0.4004    0.5799
pixel179       0.5936    0.5065     0.689
pixel180       0.5935    0.5058    0.6897
pixel181       0.5571    0.4716    0.6509
pixel192       0.4493    0.3173     0.594
pixel200       0.4535    0.3833    0.5304
pixel203       0.5871    0.4999    0.6828
pixel204       0.5892    0.5011    0.6858
pixel220       0.4973     0.405    0.5985
pixel225       0.4917    0.4186    0.5719
pixel227       0.6038    0.5219    0.6937
pixel228       0.6081    0.5259    0.6983
pixel244       0.5315    0.4383    0.6338
pixel252       0.6315    0.5559    0.7144
pixel292       0.5782    0.4838    0.6816
pixel294       0.6244    0.5442    0.7122
pixel307       0.5814    0.4951     0.676
pixel312       0.4736    0.3298    0.6313
pixel317        0.609    0.5213    0.7051
pixel320       0.6211    0.5426    0.7072
pixel343       0.6128    0.5307    0.7029
pixel344       0.5957    0.5145    0.6847
pixel351       0.5901    0.5135    0.6741
pixel356       0.5233     0.419    0.6378
pixel367       0.5847    0.5005    0.6771
pixel368       0.5741    0.4912    0.6651
pixel376       0.5804    0.5005     0.668
pixel383       0.4663    0.3251    0.6212
pixel384       0.4711    0.3181    0.6389
pixel391       0.5596    0.4746    0.6527
pixel400       0.5587    0.4785    0.6467
pixel401       0.5551    0.4706    0.6477
pixel415       0.5359    0.4493     0.631
pixel416       0.5327    0.4501    0.6232
pixel424       0.5347    0.4541     0.623
pixel432       0.4676    0.3104    0.6401
pixel444       0.4986    0.4302    0.5735
pixel453       0.4572    0.3233     0.604
pixel455       0.4576    0.3093    0.6203
pixel466       0.4827    0.4138    0.5583
pixel467       0.4877    0.4217      0.56
pixel468       0.4883    0.4231    0.5599
pixel469       0.4854    0.4196    0.5575
pixel481       0.4548    0.3026    0.6217
pixel490       0.4938    0.4229    0.5714
pixel491       0.4945    0.4259    0.5698
pixel492       0.4942    0.4262    0.5689
pixel493       0.4932    0.4256    0.5673
pixel503       0.4538    0.3063    0.6156
pixel504       0.4608    0.3082    0.6281
pixel515       0.5061    0.4323     0.587
pixel522       0.4636     0.353    0.5848
pixel535       0.4805    0.3789    0.5919
pixel544       0.4827    0.3867     0.588
pixel547       0.4378    0.3193    0.5677
pixel550       0.4411    0.3044     0.591
pixel551       0.4482    0.3084    0.6014
pixel552       0.4592    0.3172    0.6149
pixel554       0.4431    0.3084    0.5908
pixel558       0.4504    0.3416    0.5698
pixel559       0.4633    0.3589    0.5778
pixel560       0.4781    0.3794    0.5862
pixel563       0.5012    0.4157    0.5951
pixel566       0.4941    0.4055    0.5914
pixel567       0.4816    0.3874    0.5848
pixel569       0.4505    0.3456    0.5656
emotion         happy     happy     happy


Clustered Instances

0      17733 ( 49%)
1      18154 ( 51%)


Class attribute: emotion
Classes to Clusters:

    0    1  <-- assigned to cluster
 2656 2297 | angry
  252  295 | disgust
 2109 3012 | fear
 4605 4384 | happy
 3324 2874 | neutral
 3701 2376 | sad
 1086 2916 | suprise

Cluster 0 <-- sad
Cluster 1 <-- happy

Incorrectly clustered instances :	27802.0	 77.471  %

Classes to clusters
[5 3]
Clustered data in 0.04693031311035156 secs.
