
kMeans
======

Number of iterations: 51
Within cluster sum of squared errors: 129374.50283899531

Initial starting points (random):

Cluster 0: 0.523529,0.62451,0.331373,0.310784,0.581373,0.64902,0.338235,0.558824,0.578431,0.344118,0.155882,0.410784,0.337255,0.37451,0.332353,0.344118,0.258824,0.25,0.368627,0.773529,0.317647,0.384314,0.410784,0.694118,0.341176,0.383333,0.436275,0.458824,0.385294,0.469608,0.454902,0.072549,0.541176,0.559804,0.364706,0.456863,0.509804,0.167647,0.436275,0.487255,0.485294,0.142157,0.037255,0.455882,0.452941,0.541176,0.260784,0.316667,0.478431,0.073529,0.219608,0.217647,0.093137,0.301961,0.391176,0.352941,0.312745,0.037255,0.378431,0.464706,0.532353,0.585294,0.159804,0.348039,0.555882,0.442157,0.382353,0.569608,0.456863,0.245098,0.305882,0.384314,0.284314,0.185294,0.277451,0.432353,0.54902,0.568627,0.584314,0.594118,sad
Cluster 1: 0.997059,0.455882,1,1,1,0.468627,1,1,0.568627,1,1,0.578431,0.593137,0.576471,0.567647,0.588235,0.578431,0.558824,0.815686,0.326471,0.546078,0.57451,0.604902,0.226471,0.598039,0.634314,0.638235,0.632353,0.665686,0.548039,0.763725,0.996078,0.568627,0.492157,0.545098,0.57451,0.438235,0.731373,0.608824,0.62451,0.458824,1,0.942157,0.586275,0.653922,0.548039,0.393137,0.669608,0.42451,0.983333,0.563725,0.998039,1,0.507843,0.520588,0.590196,0.709804,0.99902,0.530392,0.546078,0.601961,0.683333,1,1,0.567647,0.995098,0.567647,0.719608,0.996078,1,1,0.998039,0.633333,0.535294,0.453922,0.461765,0.510784,0.663725,0.693137,0.930392,happy
Cluster 2: 0.086275,0.286275,0.190196,0.236275,0.126471,0.794118,0.163725,0.098039,0.80098,0.221569,0.198039,0.831373,0.754902,0.784314,0.361765,0.688235,0.747059,0.756863,0.07549,0.562745,0.616667,0.752941,0.667647,0.528431,0.64902,0.777451,0.759804,0.794118,0.806863,0.831373,0.372549,0.372549,0.705882,0.690196,0.685294,0.672549,0.7,0.521569,0.721569,0.678431,0.814706,0.235294,0.352941,0.686275,0.761765,0.822549,0.562745,0.680392,0.597059,0.333333,0.565686,0.083333,0.201961,0.866667,0.703922,0.580392,0.408824,0.473529,0.95,0.927451,0.723529,0.495098,0.243137,0.561765,0.729412,0.17451,0.517647,0.423529,0.137255,0.181373,0.229412,0.605882,0.413725,0.732353,0.729412,0.627451,0.360784,0.357843,0.329412,0.036275,happy
Cluster 3: 0.146078,0.596078,0.996078,0.996078,0.090196,0.804902,0.996078,0.077451,0.84902,0.996078,0.996078,0.870588,0.819608,0.817647,0.544118,0.77451,0.759804,0.698039,0.355882,0.552941,0.745098,0.780392,0.669608,0.426471,0.72451,0.835294,0.641176,0.829412,0.681373,0.540196,0.821569,0.335294,0.684314,0.777451,0.783333,0.82549,0.716667,0.809804,0.752941,0.789216,0.797059,0.996078,0.388235,0.714706,0.780392,0.757843,0.648039,0.679412,0.570588,0.25098,0.593137,0.929412,0.982353,0.655882,0.532353,0.452941,0.510784,0.021569,0.635294,0.621569,0.6,0.557843,0.932353,0.159804,0.613725,0.805882,0.42549,0.742157,0.760784,0.942157,0.969608,0.154902,0.02549,0.010784,0.183333,0.605882,0.547059,0.620588,0.616667,0.677451,happy
Cluster 4: 0.634314,0.648039,0.446078,0.480392,0.603922,0.00098,0.465686,0.602941,0.240196,0.479412,0.54902,0.353922,0.407843,0.483333,0.037255,0.415686,0.456863,0.514706,0.595098,0.211765,0.20098,0.305882,0.165686,0.222549,0.09902,0.282353,0.106863,0.208824,0.07549,0.230392,0.445098,0.603922,0.243137,0.422549,0.321569,0.419608,0.507843,0.391176,0.395098,0.380392,0.457843,0.477451,0.57451,0.328431,0.454902,0.448039,0.065686,0.233333,0.47451,0.558824,0.442157,0.280392,0.484314,0.42549,0.413725,0.445098,0.452941,0.003922,0.413725,0.440196,0.445098,0.476471,0.484314,0.00098,0.440196,0.112745,0.433333,0.363725,0.094118,0.001961,0.012745,0,0.001961,0.164706,0.228431,0.207843,0.528431,0.891176,0.748039,0.07549,disgust
Cluster 5: 0.131373,0.104902,0.222549,0.220588,0.096078,0.680392,0.228431,0.096078,0.580392,0.212745,0.077451,0.796078,0.779412,0.751961,0.34902,0.57549,0.576471,0.508824,0.355882,0.339216,0.451961,0.533333,0.326471,0.437255,0.478431,0.618627,0.445098,0.548039,0.563725,0.62451,0.538235,0.216667,0.692157,0.52451,0.494118,0.513725,0.493137,0.49902,0.462745,0.419608,0.489216,0.206863,0.227451,0.263725,0.470588,0.462745,0.411765,0.428431,0.243137,0.176471,0.485294,0.348039,0.191176,0.931373,0.922549,0.932353,0.882353,0.17549,0.748039,0.858824,0.828431,0.654902,0.188235,0.228431,0.757843,0.381373,0.478431,0.4,0.335294,0.117647,0.134314,0.228431,0.126471,0.332353,0.514706,0.479412,0.255882,0.370588,0.435294,0.212745,happy
Cluster 6: 0.881373,0.496078,0.262745,0.596078,0.892157,0.87549,0.381373,0.898039,0.854902,0.29902,0.216667,0.861765,0.782353,0.807843,0.422549,0.745098,0.747059,0.526471,0.937255,0.52451,0.853922,0.810784,0.260784,0.421569,0.856863,0.816667,0.403922,0.789216,0.527451,0.810784,0.741176,0.962745,0.548039,0.798039,0.741176,0.734314,0.551961,0.585294,0.646078,0.654902,0.551961,0.681373,0.972549,0.578431,0.693137,0.589216,0.619608,0.393137,0.402941,0.980392,0.428431,0.237255,0.05,0.435294,0.597059,0.714706,0.695098,0.982353,0.316667,0.333333,0.391176,0.403922,0.202941,0.980392,0.506863,0.438235,0.289216,0.380392,0.156863,0.234314,0.183333,0.980392,0.981373,0.980392,0.67451,0.160784,0.365686,0.351961,0.310784,0.17451,sad

Missing values globally replaced with mean/mode

Final cluster centroids:
                         Cluster#
Attribute    Full Data          0          1          2          3          4          5          6
             (35887.0)   (4033.0)   (5360.0)   (5166.0)   (5402.0)   (4230.0)   (6579.0)   (5117.0)
===================================================================================================
pixel1          0.4398     0.2249     0.7122      0.363     0.5594     0.4309     0.2437     0.5342
pixel4          0.4255     0.2513       0.61      0.414     0.5009     0.3834      0.295     0.5045
pixel22         0.4361     0.2152     0.7023     0.3536     0.7342     0.4959     0.2388     0.3041
pixel23         0.4582     0.2197     0.7476     0.3749     0.7644     0.5238     0.2475     0.3203
pixel24         0.4531     0.2249     0.7423     0.3705     0.5783     0.4462     0.2448     0.5546
pixel37         0.5661     0.3833     0.6901     0.6864     0.6086     0.4577      0.546     0.5293
pixel47         0.4499     0.2143     0.7395     0.3604     0.7633      0.518     0.2387     0.3068
pixel48         0.4461     0.2237     0.7342     0.3623     0.5659     0.4374      0.237     0.5538
pixel59         0.5961     0.4015     0.7249     0.7324     0.6162     0.4596     0.5909     0.5753
pixel71         0.4427     0.2125     0.7283     0.3503     0.7545     0.5094     0.2335     0.3031
pixel119        0.4334     0.2145     0.7084      0.346     0.7251      0.492     0.2302     0.3106
pixel131        0.6235     0.4066     0.7604     0.7819     0.6305     0.4556       0.64     0.6012
pixel155         0.612     0.3891     0.7563     0.7775     0.6181     0.4317     0.6295     0.5893
pixel156        0.6115     0.3874      0.756     0.7759     0.6252     0.4395     0.6283     0.5769
pixel173         0.486     0.2909     0.6482     0.5904     0.4917     0.3408     0.4418     0.5353
pixel179        0.5936      0.362     0.7463     0.7629     0.5992      0.408     0.6046     0.5782
pixel180        0.5935      0.364     0.7466     0.7632     0.6111     0.4133     0.6023      0.562
pixel181        0.5571     0.3439     0.7075     0.7125     0.5851     0.3962     0.5533      0.519
pixel192        0.4493     0.2294     0.7372     0.3761     0.5367     0.4231     0.2401     0.5933
pixel200        0.4535      0.286     0.5773     0.5552     0.4649     0.3238     0.4308     0.4771
pixel203        0.5871     0.3561     0.7411      0.753     0.5891     0.4067     0.5914     0.5821
pixel204        0.5892     0.3631      0.743      0.756     0.6092     0.4144     0.5905     0.5595
pixel220        0.4973     0.2917     0.6749     0.5925     0.4937     0.3571     0.4355     0.5762
pixel225        0.4917     0.3077     0.6182     0.6165     0.4902     0.3484      0.477      0.517
pixel227        0.6038     0.3851     0.7482     0.7567      0.602     0.4342     0.6064     0.6097
pixel228        0.6081     0.3949     0.7521     0.7621     0.6268     0.4485     0.6088     0.5813
pixel244        0.5315     0.3158     0.7057     0.6443     0.5228     0.3823     0.4783     0.6062
pixel252        0.6315     0.4326     0.7628     0.7718     0.6492     0.4856     0.6324     0.6098
pixel292        0.5782     0.3498     0.7501     0.7094     0.5649     0.4217     0.5337     0.6459
pixel294        0.6244     0.4012     0.7681     0.7766     0.6016     0.4443     0.6313     0.6599
pixel307        0.5814     0.3715     0.7338      0.705     0.6493     0.4873     0.5427      0.518
pixel312        0.4736     0.2302     0.7853     0.4092     0.5487     0.4491     0.2475     0.6358
pixel317         0.609     0.3765     0.7648     0.7594     0.5873     0.4346     0.5971     0.6594
pixel320        0.6211     0.4052     0.7635     0.7751     0.5979     0.4413     0.6327      0.645
pixel343        0.6128     0.3879     0.7649     0.7738     0.5842     0.4272     0.6228     0.6391
pixel344        0.5957     0.3776     0.7463     0.7528     0.5675      0.415      0.603     0.6212
pixel351        0.5901     0.3936     0.7245     0.7388     0.6126     0.4542     0.5885     0.5449
pixel356        0.5233     0.3041     0.7175     0.6021      0.631     0.4706     0.4288     0.4647
pixel367        0.5847     0.3583     0.7416     0.7475     0.5523     0.4028     0.5877     0.6153
pixel368        0.5741      0.355     0.7282     0.7333     0.5439     0.3966      0.576      0.601
pixel376        0.5804     0.3737     0.7226     0.7363     0.5978     0.4454     0.5765     0.5353
pixel383        0.4663     0.2272     0.7701      0.407     0.6702     0.5074     0.2505     0.4248
pixel384        0.4711     0.2148     0.8077     0.3948     0.5348       0.46     0.2255     0.6553
pixel391        0.5596     0.3361     0.7188     0.7222     0.5227     0.3829     0.5552     0.5954
pixel400        0.5587     0.3557      0.702     0.7121     0.5783     0.4281     0.5491     0.5136
pixel401        0.5551     0.3448     0.7074     0.7027      0.585     0.4337     0.5342     0.5077
pixel415        0.5359     0.3136     0.6968     0.6938     0.5009     0.3635     0.5254     0.5765
pixel416        0.5327     0.3224     0.6848     0.6891     0.4969     0.3612     0.5263     0.5688
pixel424        0.5347     0.3361     0.6804     0.6829     0.5572     0.4088     0.5193     0.4891
pixel432        0.4676     0.2039     0.8105     0.3892     0.5265     0.4617      0.216     0.6617
pixel444        0.4986     0.3054     0.5973     0.6544     0.5054     0.3561     0.5127     0.4823
pixel453        0.4572     0.2248     0.7399     0.4488      0.612     0.4658     0.2724     0.4197
pixel455        0.4576     0.2116     0.7835     0.3884     0.6478     0.5047     0.2331     0.4292
pixel466        0.4827     0.2846     0.5851     0.6378     0.4731     0.3309     0.4967     0.4929
pixel467        0.4877     0.2918     0.5773     0.6496      0.486     0.3397     0.5091     0.4812
pixel468        0.4883     0.2978     0.5768     0.6492     0.4953     0.3465     0.5091     0.4666
pixel469        0.4854     0.3008      0.578     0.6381     0.5041     0.3531     0.4986     0.4522
pixel481        0.4548     0.1982     0.7897     0.3948     0.4889     0.4369     0.2151     0.6539
pixel490        0.4938     0.2893     0.6001     0.6524      0.486     0.3335      0.508     0.5057
pixel491        0.4945     0.2921     0.5919     0.6575     0.4959     0.3394     0.5131     0.4906
pixel492        0.4942     0.2942     0.5905     0.6565     0.5052     0.3466     0.5128      0.474
pixel493        0.4932     0.2975     0.5929     0.6465     0.5115     0.3577     0.5082     0.4616
pixel503        0.4538     0.2063     0.7737     0.3944     0.6278     0.5008     0.2329     0.4353
pixel504        0.4608     0.2028     0.7961     0.3971     0.4973     0.4484     0.2187       0.66
pixel515        0.5061      0.296     0.6186     0.6685     0.5066      0.344     0.5217     0.5032
pixel522        0.4636     0.2445     0.6755     0.5567     0.5466     0.3944     0.3592      0.424
pixel535        0.4805     0.2474     0.6739     0.6106     0.4588     0.3299     0.4244     0.5496
pixel544        0.4827      0.265     0.6551     0.6201     0.5358     0.3725     0.4309     0.4367
pixel547        0.4378     0.2204     0.6786     0.4799     0.5438     0.4063     0.2943     0.4133
pixel550        0.4411     0.2092     0.7351     0.4063     0.5858     0.4682     0.2416     0.4323
pixel551        0.4482     0.2107     0.7493     0.4039     0.5986     0.4842     0.2411     0.4422
pixel552        0.4592     0.2133     0.7678     0.4114     0.4865     0.4398     0.2423     0.6441
pixel554        0.4431     0.2058     0.7331     0.4156     0.4592     0.4056     0.2457      0.622
pixel558        0.4504     0.2247     0.6719      0.535     0.4359     0.3332      0.352     0.5497
pixel559        0.4633     0.2343     0.6687     0.5786     0.4421      0.324     0.3925     0.5411
pixel560        0.4781      0.249     0.6646     0.6151     0.4565     0.3228     0.4321      0.535
pixel563        0.5012     0.2767     0.6457     0.6661     0.4989      0.333     0.5011     0.5023
pixel566        0.4941      0.277     0.6478     0.6509     0.5245     0.3515     0.4743     0.4575
pixel567        0.4816     0.2635     0.6506     0.6256     0.5239     0.3593      0.439     0.4419
pixel569        0.4505      0.236     0.6527     0.5462     0.5229     0.3738     0.3577     0.4177
emotion          happy        sad    suprise      happy      happy    neutral      happy        sad


Clusterer Built in 4.5936667919158936 secs.

Clustering data.
Cluster results

kMeans
======

Number of iterations: 51
Within cluster sum of squared errors: 129374.50283899531

Initial starting points (random):

Cluster 0: 0.523529,0.62451,0.331373,0.310784,0.581373,0.64902,0.338235,0.558824,0.578431,0.344118,0.155882,0.410784,0.337255,0.37451,0.332353,0.344118,0.258824,0.25,0.368627,0.773529,0.317647,0.384314,0.410784,0.694118,0.341176,0.383333,0.436275,0.458824,0.385294,0.469608,0.454902,0.072549,0.541176,0.559804,0.364706,0.456863,0.509804,0.167647,0.436275,0.487255,0.485294,0.142157,0.037255,0.455882,0.452941,0.541176,0.260784,0.316667,0.478431,0.073529,0.219608,0.217647,0.093137,0.301961,0.391176,0.352941,0.312745,0.037255,0.378431,0.464706,0.532353,0.585294,0.159804,0.348039,0.555882,0.442157,0.382353,0.569608,0.456863,0.245098,0.305882,0.384314,0.284314,0.185294,0.277451,0.432353,0.54902,0.568627,0.584314,0.594118,sad
Cluster 1: 0.997059,0.455882,1,1,1,0.468627,1,1,0.568627,1,1,0.578431,0.593137,0.576471,0.567647,0.588235,0.578431,0.558824,0.815686,0.326471,0.546078,0.57451,0.604902,0.226471,0.598039,0.634314,0.638235,0.632353,0.665686,0.548039,0.763725,0.996078,0.568627,0.492157,0.545098,0.57451,0.438235,0.731373,0.608824,0.62451,0.458824,1,0.942157,0.586275,0.653922,0.548039,0.393137,0.669608,0.42451,0.983333,0.563725,0.998039,1,0.507843,0.520588,0.590196,0.709804,0.99902,0.530392,0.546078,0.601961,0.683333,1,1,0.567647,0.995098,0.567647,0.719608,0.996078,1,1,0.998039,0.633333,0.535294,0.453922,0.461765,0.510784,0.663725,0.693137,0.930392,happy
Cluster 2: 0.086275,0.286275,0.190196,0.236275,0.126471,0.794118,0.163725,0.098039,0.80098,0.221569,0.198039,0.831373,0.754902,0.784314,0.361765,0.688235,0.747059,0.756863,0.07549,0.562745,0.616667,0.752941,0.667647,0.528431,0.64902,0.777451,0.759804,0.794118,0.806863,0.831373,0.372549,0.372549,0.705882,0.690196,0.685294,0.672549,0.7,0.521569,0.721569,0.678431,0.814706,0.235294,0.352941,0.686275,0.761765,0.822549,0.562745,0.680392,0.597059,0.333333,0.565686,0.083333,0.201961,0.866667,0.703922,0.580392,0.408824,0.473529,0.95,0.927451,0.723529,0.495098,0.243137,0.561765,0.729412,0.17451,0.517647,0.423529,0.137255,0.181373,0.229412,0.605882,0.413725,0.732353,0.729412,0.627451,0.360784,0.357843,0.329412,0.036275,happy
Cluster 3: 0.146078,0.596078,0.996078,0.996078,0.090196,0.804902,0.996078,0.077451,0.84902,0.996078,0.996078,0.870588,0.819608,0.817647,0.544118,0.77451,0.759804,0.698039,0.355882,0.552941,0.745098,0.780392,0.669608,0.426471,0.72451,0.835294,0.641176,0.829412,0.681373,0.540196,0.821569,0.335294,0.684314,0.777451,0.783333,0.82549,0.716667,0.809804,0.752941,0.789216,0.797059,0.996078,0.388235,0.714706,0.780392,0.757843,0.648039,0.679412,0.570588,0.25098,0.593137,0.929412,0.982353,0.655882,0.532353,0.452941,0.510784,0.021569,0.635294,0.621569,0.6,0.557843,0.932353,0.159804,0.613725,0.805882,0.42549,0.742157,0.760784,0.942157,0.969608,0.154902,0.02549,0.010784,0.183333,0.605882,0.547059,0.620588,0.616667,0.677451,happy
Cluster 4: 0.634314,0.648039,0.446078,0.480392,0.603922,0.00098,0.465686,0.602941,0.240196,0.479412,0.54902,0.353922,0.407843,0.483333,0.037255,0.415686,0.456863,0.514706,0.595098,0.211765,0.20098,0.305882,0.165686,0.222549,0.09902,0.282353,0.106863,0.208824,0.07549,0.230392,0.445098,0.603922,0.243137,0.422549,0.321569,0.419608,0.507843,0.391176,0.395098,0.380392,0.457843,0.477451,0.57451,0.328431,0.454902,0.448039,0.065686,0.233333,0.47451,0.558824,0.442157,0.280392,0.484314,0.42549,0.413725,0.445098,0.452941,0.003922,0.413725,0.440196,0.445098,0.476471,0.484314,0.00098,0.440196,0.112745,0.433333,0.363725,0.094118,0.001961,0.012745,0,0.001961,0.164706,0.228431,0.207843,0.528431,0.891176,0.748039,0.07549,disgust
Cluster 5: 0.131373,0.104902,0.222549,0.220588,0.096078,0.680392,0.228431,0.096078,0.580392,0.212745,0.077451,0.796078,0.779412,0.751961,0.34902,0.57549,0.576471,0.508824,0.355882,0.339216,0.451961,0.533333,0.326471,0.437255,0.478431,0.618627,0.445098,0.548039,0.563725,0.62451,0.538235,0.216667,0.692157,0.52451,0.494118,0.513725,0.493137,0.49902,0.462745,0.419608,0.489216,0.206863,0.227451,0.263725,0.470588,0.462745,0.411765,0.428431,0.243137,0.176471,0.485294,0.348039,0.191176,0.931373,0.922549,0.932353,0.882353,0.17549,0.748039,0.858824,0.828431,0.654902,0.188235,0.228431,0.757843,0.381373,0.478431,0.4,0.335294,0.117647,0.134314,0.228431,0.126471,0.332353,0.514706,0.479412,0.255882,0.370588,0.435294,0.212745,happy
Cluster 6: 0.881373,0.496078,0.262745,0.596078,0.892157,0.87549,0.381373,0.898039,0.854902,0.29902,0.216667,0.861765,0.782353,0.807843,0.422549,0.745098,0.747059,0.526471,0.937255,0.52451,0.853922,0.810784,0.260784,0.421569,0.856863,0.816667,0.403922,0.789216,0.527451,0.810784,0.741176,0.962745,0.548039,0.798039,0.741176,0.734314,0.551961,0.585294,0.646078,0.654902,0.551961,0.681373,0.972549,0.578431,0.693137,0.589216,0.619608,0.393137,0.402941,0.980392,0.428431,0.237255,0.05,0.435294,0.597059,0.714706,0.695098,0.982353,0.316667,0.333333,0.391176,0.403922,0.202941,0.980392,0.506863,0.438235,0.289216,0.380392,0.156863,0.234314,0.183333,0.980392,0.981373,0.980392,0.67451,0.160784,0.365686,0.351961,0.310784,0.17451,sad

Missing values globally replaced with mean/mode

Final cluster centroids:
                         Cluster#
Attribute    Full Data          0          1          2          3          4          5          6
             (35887.0)   (4033.0)   (5360.0)   (5166.0)   (5402.0)   (4230.0)   (6579.0)   (5117.0)
===================================================================================================
pixel1          0.4398     0.2249     0.7122      0.363     0.5594     0.4309     0.2437     0.5342
pixel4          0.4255     0.2513       0.61      0.414     0.5009     0.3834      0.295     0.5045
pixel22         0.4361     0.2152     0.7023     0.3536     0.7342     0.4959     0.2388     0.3041
pixel23         0.4582     0.2197     0.7476     0.3749     0.7644     0.5238     0.2475     0.3203
pixel24         0.4531     0.2249     0.7423     0.3705     0.5783     0.4462     0.2448     0.5546
pixel37         0.5661     0.3833     0.6901     0.6864     0.6086     0.4577      0.546     0.5293
pixel47         0.4499     0.2143     0.7395     0.3604     0.7633      0.518     0.2387     0.3068
pixel48         0.4461     0.2237     0.7342     0.3623     0.5659     0.4374      0.237     0.5538
pixel59         0.5961     0.4015     0.7249     0.7324     0.6162     0.4596     0.5909     0.5753
pixel71         0.4427     0.2125     0.7283     0.3503     0.7545     0.5094     0.2335     0.3031
pixel119        0.4334     0.2145     0.7084      0.346     0.7251      0.492     0.2302     0.3106
pixel131        0.6235     0.4066     0.7604     0.7819     0.6305     0.4556       0.64     0.6012
pixel155         0.612     0.3891     0.7563     0.7775     0.6181     0.4317     0.6295     0.5893
pixel156        0.6115     0.3874      0.756     0.7759     0.6252     0.4395     0.6283     0.5769
pixel173         0.486     0.2909     0.6482     0.5904     0.4917     0.3408     0.4418     0.5353
pixel179        0.5936      0.362     0.7463     0.7629     0.5992      0.408     0.6046     0.5782
pixel180        0.5935      0.364     0.7466     0.7632     0.6111     0.4133     0.6023      0.562
pixel181        0.5571     0.3439     0.7075     0.7125     0.5851     0.3962     0.5533      0.519
pixel192        0.4493     0.2294     0.7372     0.3761     0.5367     0.4231     0.2401     0.5933
pixel200        0.4535      0.286     0.5773     0.5552     0.4649     0.3238     0.4308     0.4771
pixel203        0.5871     0.3561     0.7411      0.753     0.5891     0.4067     0.5914     0.5821
pixel204        0.5892     0.3631      0.743      0.756     0.6092     0.4144     0.5905     0.5595
pixel220        0.4973     0.2917     0.6749     0.5925     0.4937     0.3571     0.4355     0.5762
pixel225        0.4917     0.3077     0.6182     0.6165     0.4902     0.3484      0.477      0.517
pixel227        0.6038     0.3851     0.7482     0.7567      0.602     0.4342     0.6064     0.6097
pixel228        0.6081     0.3949     0.7521     0.7621     0.6268     0.4485     0.6088     0.5813
pixel244        0.5315     0.3158     0.7057     0.6443     0.5228     0.3823     0.4783     0.6062
pixel252        0.6315     0.4326     0.7628     0.7718     0.6492     0.4856     0.6324     0.6098
pixel292        0.5782     0.3498     0.7501     0.7094     0.5649     0.4217     0.5337     0.6459
pixel294        0.6244     0.4012     0.7681     0.7766     0.6016     0.4443     0.6313     0.6599
pixel307        0.5814     0.3715     0.7338      0.705     0.6493     0.4873     0.5427      0.518
pixel312        0.4736     0.2302     0.7853     0.4092     0.5487     0.4491     0.2475     0.6358
pixel317         0.609     0.3765     0.7648     0.7594     0.5873     0.4346     0.5971     0.6594
pixel320        0.6211     0.4052     0.7635     0.7751     0.5979     0.4413     0.6327      0.645
pixel343        0.6128     0.3879     0.7649     0.7738     0.5842     0.4272     0.6228     0.6391
pixel344        0.5957     0.3776     0.7463     0.7528     0.5675      0.415      0.603     0.6212
pixel351        0.5901     0.3936     0.7245     0.7388     0.6126     0.4542     0.5885     0.5449
pixel356        0.5233     0.3041     0.7175     0.6021      0.631     0.4706     0.4288     0.4647
pixel367        0.5847     0.3583     0.7416     0.7475     0.5523     0.4028     0.5877     0.6153
pixel368        0.5741      0.355     0.7282     0.7333     0.5439     0.3966      0.576      0.601
pixel376        0.5804     0.3737     0.7226     0.7363     0.5978     0.4454     0.5765     0.5353
pixel383        0.4663     0.2272     0.7701      0.407     0.6702     0.5074     0.2505     0.4248
pixel384        0.4711     0.2148     0.8077     0.3948     0.5348       0.46     0.2255     0.6553
pixel391        0.5596     0.3361     0.7188     0.7222     0.5227     0.3829     0.5552     0.5954
pixel400        0.5587     0.3557      0.702     0.7121     0.5783     0.4281     0.5491     0.5136
pixel401        0.5551     0.3448     0.7074     0.7027      0.585     0.4337     0.5342     0.5077
pixel415        0.5359     0.3136     0.6968     0.6938     0.5009     0.3635     0.5254     0.5765
pixel416        0.5327     0.3224     0.6848     0.6891     0.4969     0.3612     0.5263     0.5688
pixel424        0.5347     0.3361     0.6804     0.6829     0.5572     0.4088     0.5193     0.4891
pixel432        0.4676     0.2039     0.8105     0.3892     0.5265     0.4617      0.216     0.6617
pixel444        0.4986     0.3054     0.5973     0.6544     0.5054     0.3561     0.5127     0.4823
pixel453        0.4572     0.2248     0.7399     0.4488      0.612     0.4658     0.2724     0.4197
pixel455        0.4576     0.2116     0.7835     0.3884     0.6478     0.5047     0.2331     0.4292
pixel466        0.4827     0.2846     0.5851     0.6378     0.4731     0.3309     0.4967     0.4929
pixel467        0.4877     0.2918     0.5773     0.6496      0.486     0.3397     0.5091     0.4812
pixel468        0.4883     0.2978     0.5768     0.6492     0.4953     0.3465     0.5091     0.4666
pixel469        0.4854     0.3008      0.578     0.6381     0.5041     0.3531     0.4986     0.4522
pixel481        0.4548     0.1982     0.7897     0.3948     0.4889     0.4369     0.2151     0.6539
pixel490        0.4938     0.2893     0.6001     0.6524      0.486     0.3335      0.508     0.5057
pixel491        0.4945     0.2921     0.5919     0.6575     0.4959     0.3394     0.5131     0.4906
pixel492        0.4942     0.2942     0.5905     0.6565     0.5052     0.3466     0.5128      0.474
pixel493        0.4932     0.2975     0.5929     0.6465     0.5115     0.3577     0.5082     0.4616
pixel503        0.4538     0.2063     0.7737     0.3944     0.6278     0.5008     0.2329     0.4353
pixel504        0.4608     0.2028     0.7961     0.3971     0.4973     0.4484     0.2187       0.66
pixel515        0.5061      0.296     0.6186     0.6685     0.5066      0.344     0.5217     0.5032
pixel522        0.4636     0.2445     0.6755     0.5567     0.5466     0.3944     0.3592      0.424
pixel535        0.4805     0.2474     0.6739     0.6106     0.4588     0.3299     0.4244     0.5496
pixel544        0.4827      0.265     0.6551     0.6201     0.5358     0.3725     0.4309     0.4367
pixel547        0.4378     0.2204     0.6786     0.4799     0.5438     0.4063     0.2943     0.4133
pixel550        0.4411     0.2092     0.7351     0.4063     0.5858     0.4682     0.2416     0.4323
pixel551        0.4482     0.2107     0.7493     0.4039     0.5986     0.4842     0.2411     0.4422
pixel552        0.4592     0.2133     0.7678     0.4114     0.4865     0.4398     0.2423     0.6441
pixel554        0.4431     0.2058     0.7331     0.4156     0.4592     0.4056     0.2457      0.622
pixel558        0.4504     0.2247     0.6719      0.535     0.4359     0.3332      0.352     0.5497
pixel559        0.4633     0.2343     0.6687     0.5786     0.4421      0.324     0.3925     0.5411
pixel560        0.4781      0.249     0.6646     0.6151     0.4565     0.3228     0.4321      0.535
pixel563        0.5012     0.2767     0.6457     0.6661     0.4989      0.333     0.5011     0.5023
pixel566        0.4941      0.277     0.6478     0.6509     0.5245     0.3515     0.4743     0.4575
pixel567        0.4816     0.2635     0.6506     0.6256     0.5239     0.3593      0.439     0.4419
pixel569        0.4505      0.236     0.6527     0.5462     0.5229     0.3738     0.3577     0.4177
emotion          happy        sad    suprise      happy      happy    neutral      happy        sad


Clustered Instances

0       4309 ( 12%)
1       6475 ( 18%)
2       2842 (  8%)
3       7390 ( 21%)
4       7608 ( 21%)
5       3037 (  8%)
6       4226 ( 12%)


Class attribute: emotion
Classes to Clusters:

    0    1    2    3    4    5    6  <-- assigned to cluster
  723  688  305 1065 1144  404  624 | angry
   45  113   56  108  120   40   65 | disgust
  465 1131  434 1167  919  364  641 | fear
  862 1452  778 1973 2141  842  941 | happy
  904  891  540 1096 1339  607  821 | neutral
 1145  685  342 1159 1531  525  690 | sad
  165 1515  387  822  414  255  444 | suprise

Cluster 0 <-- sad
Cluster 1 <-- suprise
Cluster 2 <-- disgust
Cluster 3 <-- fear
Cluster 4 <-- happy
Cluster 5 <-- neutral
Cluster 6 <-- angry

Incorrectly clustered instances :	28632.0	 79.7838 %

Classes to clusters
[5 6 1 2 3 4 0]
Clustered data in 0.14260292053222656 secs.
