
kMeans
======

Number of iterations: 125
Within cluster sum of squared errors: 117030.00000175078

Initial starting points (random):

Cluster 0: 0.523529,0.62451,0.331373,0.310784,0.581373,0.64902,0.338235,0.558824,0.578431,0.344118,0.155882,0.410784,0.337255,0.37451,0.332353,0.344118,0.258824,0.25,0.368627,0.773529,0.317647,0.384314,0.410784,0.694118,0.341176,0.383333,0.436275,0.458824,0.385294,0.469608,0.454902,0.072549,0.541176,0.559804,0.364706,0.456863,0.509804,0.167647,0.436275,0.487255,0.485294,0.142157,0.037255,0.455882,0.452941,0.541176,0.260784,0.316667,0.478431,0.073529,0.219608,0.217647,0.093137,0.301961,0.391176,0.352941,0.312745,0.037255,0.378431,0.464706,0.532353,0.585294,0.159804,0.348039,0.555882,0.442157,0.382353,0.569608,0.456863,0.245098,0.305882,0.384314,0.284314,0.185294,0.277451,0.432353,0.54902,0.568627,0.584314,0.594118,sad
Cluster 1: 0.997059,0.455882,1,1,1,0.468627,1,1,0.568627,1,1,0.578431,0.593137,0.576471,0.567647,0.588235,0.578431,0.558824,0.815686,0.326471,0.546078,0.57451,0.604902,0.226471,0.598039,0.634314,0.638235,0.632353,0.665686,0.548039,0.763725,0.996078,0.568627,0.492157,0.545098,0.57451,0.438235,0.731373,0.608824,0.62451,0.458824,1,0.942157,0.586275,0.653922,0.548039,0.393137,0.669608,0.42451,0.983333,0.563725,0.998039,1,0.507843,0.520588,0.590196,0.709804,0.99902,0.530392,0.546078,0.601961,0.683333,1,1,0.567647,0.995098,0.567647,0.719608,0.996078,1,1,0.998039,0.633333,0.535294,0.453922,0.461765,0.510784,0.663725,0.693137,0.930392,happy
Cluster 2: 0.086275,0.286275,0.190196,0.236275,0.126471,0.794118,0.163725,0.098039,0.80098,0.221569,0.198039,0.831373,0.754902,0.784314,0.361765,0.688235,0.747059,0.756863,0.07549,0.562745,0.616667,0.752941,0.667647,0.528431,0.64902,0.777451,0.759804,0.794118,0.806863,0.831373,0.372549,0.372549,0.705882,0.690196,0.685294,0.672549,0.7,0.521569,0.721569,0.678431,0.814706,0.235294,0.352941,0.686275,0.761765,0.822549,0.562745,0.680392,0.597059,0.333333,0.565686,0.083333,0.201961,0.866667,0.703922,0.580392,0.408824,0.473529,0.95,0.927451,0.723529,0.495098,0.243137,0.561765,0.729412,0.17451,0.517647,0.423529,0.137255,0.181373,0.229412,0.605882,0.413725,0.732353,0.729412,0.627451,0.360784,0.357843,0.329412,0.036275,happy
Cluster 3: 0.146078,0.596078,0.996078,0.996078,0.090196,0.804902,0.996078,0.077451,0.84902,0.996078,0.996078,0.870588,0.819608,0.817647,0.544118,0.77451,0.759804,0.698039,0.355882,0.552941,0.745098,0.780392,0.669608,0.426471,0.72451,0.835294,0.641176,0.829412,0.681373,0.540196,0.821569,0.335294,0.684314,0.777451,0.783333,0.82549,0.716667,0.809804,0.752941,0.789216,0.797059,0.996078,0.388235,0.714706,0.780392,0.757843,0.648039,0.679412,0.570588,0.25098,0.593137,0.929412,0.982353,0.655882,0.532353,0.452941,0.510784,0.021569,0.635294,0.621569,0.6,0.557843,0.932353,0.159804,0.613725,0.805882,0.42549,0.742157,0.760784,0.942157,0.969608,0.154902,0.02549,0.010784,0.183333,0.605882,0.547059,0.620588,0.616667,0.677451,happy
Cluster 4: 0.634314,0.648039,0.446078,0.480392,0.603922,0.00098,0.465686,0.602941,0.240196,0.479412,0.54902,0.353922,0.407843,0.483333,0.037255,0.415686,0.456863,0.514706,0.595098,0.211765,0.20098,0.305882,0.165686,0.222549,0.09902,0.282353,0.106863,0.208824,0.07549,0.230392,0.445098,0.603922,0.243137,0.422549,0.321569,0.419608,0.507843,0.391176,0.395098,0.380392,0.457843,0.477451,0.57451,0.328431,0.454902,0.448039,0.065686,0.233333,0.47451,0.558824,0.442157,0.280392,0.484314,0.42549,0.413725,0.445098,0.452941,0.003922,0.413725,0.440196,0.445098,0.476471,0.484314,0.00098,0.440196,0.112745,0.433333,0.363725,0.094118,0.001961,0.012745,0,0.001961,0.164706,0.228431,0.207843,0.528431,0.891176,0.748039,0.07549,disgust
Cluster 5: 0.131373,0.104902,0.222549,0.220588,0.096078,0.680392,0.228431,0.096078,0.580392,0.212745,0.077451,0.796078,0.779412,0.751961,0.34902,0.57549,0.576471,0.508824,0.355882,0.339216,0.451961,0.533333,0.326471,0.437255,0.478431,0.618627,0.445098,0.548039,0.563725,0.62451,0.538235,0.216667,0.692157,0.52451,0.494118,0.513725,0.493137,0.49902,0.462745,0.419608,0.489216,0.206863,0.227451,0.263725,0.470588,0.462745,0.411765,0.428431,0.243137,0.176471,0.485294,0.348039,0.191176,0.931373,0.922549,0.932353,0.882353,0.17549,0.748039,0.858824,0.828431,0.654902,0.188235,0.228431,0.757843,0.381373,0.478431,0.4,0.335294,0.117647,0.134314,0.228431,0.126471,0.332353,0.514706,0.479412,0.255882,0.370588,0.435294,0.212745,happy
Cluster 6: 0.881373,0.496078,0.262745,0.596078,0.892157,0.87549,0.381373,0.898039,0.854902,0.29902,0.216667,0.861765,0.782353,0.807843,0.422549,0.745098,0.747059,0.526471,0.937255,0.52451,0.853922,0.810784,0.260784,0.421569,0.856863,0.816667,0.403922,0.789216,0.527451,0.810784,0.741176,0.962745,0.548039,0.798039,0.741176,0.734314,0.551961,0.585294,0.646078,0.654902,0.551961,0.681373,0.972549,0.578431,0.693137,0.589216,0.619608,0.393137,0.402941,0.980392,0.428431,0.237255,0.05,0.435294,0.597059,0.714706,0.695098,0.982353,0.316667,0.333333,0.391176,0.403922,0.202941,0.980392,0.506863,0.438235,0.289216,0.380392,0.156863,0.234314,0.183333,0.980392,0.981373,0.980392,0.67451,0.160784,0.365686,0.351961,0.310784,0.17451,sad
Cluster 7: 0.887255,0.922549,0.784314,0.80098,0.885294,0.965686,0.811765,0.877451,0.964706,0.811765,0.814706,0.732353,0.711765,0.723529,0.573529,0.671569,0.691176,0.684314,0.495098,0.454902,0.62451,0.703922,0.520588,0.548039,0.65098,0.743137,0.668627,0.784314,0.720588,0.806863,0.710784,0.765686,0.768627,0.709804,0.636275,0.644118,0.685294,0.740196,0.62549,0.673529,0.703922,0.84902,0.758824,0.638235,0.683333,0.681373,0.643137,0.595098,0.653922,0.768627,0.571569,0.740196,0.876471,0.652941,0.622549,0.6,0.65,0.873529,0.613725,0.65098,0.635294,0.589216,0.868627,0.790196,0.619608,0.954902,0.592157,0.616667,0.993137,0.857843,0.852941,0.790196,0.835294,0.481373,0.522549,0.606863,0.777451,0.698039,0.641176,0.766667,fear
Cluster 8: 0.144118,0.496078,0.27451,0.639216,0.216667,0.896078,0.458824,0.160784,0.873529,0.362745,0.333333,0.821569,0.771569,0.784314,0.595098,0.640196,0.719608,0.706863,0.706863,0.482353,0.531373,0.716667,0.607843,0.613725,0.665686,0.805882,0.743137,0.862745,0.733333,0.884314,0.211765,0.255882,0.8,0.820588,0.781373,0.698039,0.728431,0.141176,0.671569,0.721569,0.620588,0.151961,0.12549,0.667647,0.510784,0.503922,0.601961,0.65098,0.47451,0.167647,0.751961,0.132353,0.140196,0.826471,0.811765,0.834314,0.769608,0.138235,0.803922,0.904902,0.947059,0.852941,0.159804,0.201961,0.336275,0.308824,0.585294,0.594118,0.114706,0.221569,0.176471,0.252941,0.303922,0.657843,0.651961,0.595098,0.829412,0.57451,0.663725,0.246078,happy
Cluster 9: 0.027451,0.026471,0.027451,0.048039,0.027451,0.498039,0.035294,0.027451,0.543137,0.027451,0.030392,0.661765,0.659804,0.664706,0.122549,0.630392,0.605882,0.52451,0.059804,0.312745,0.590196,0.578431,0.313725,0.436275,0.70098,0.65098,0.368627,0.67451,0.667647,0.717647,0.688235,0.676471,0.67451,0.686275,0.717647,0.631373,0.570588,0.583333,0.7,0.586275,0.633333,0.687255,0.918627,0.691176,0.659804,0.677451,0.685294,0.645098,0.65098,0.921569,0.585294,0.017647,0.176471,0.55098,0.602941,0.581373,0.580392,0.810784,0.568627,0.616667,0.616667,0.589216,0.256863,0.819608,0.45,0.502941,0.486275,0.493137,0.023529,0.020588,0.527451,0.794118,0.730392,0.790196,0.479412,0.435294,0.487255,0.427451,0.426471,0.359804,neutral
Cluster 10: 0.934314,0.759804,0.804902,0.47549,0.431373,0.97549,0.481373,0.345098,0.489216,0.283333,0.317647,0.588235,0.614706,0.582353,0.220588,0.576471,0.552941,0.464706,0.533333,0.485294,0.576471,0.509804,0.514706,0.351961,0.545098,0.442157,0.455882,0.433333,0.534314,0.554902,0.47451,0.533333,0.532353,0.531373,0.538235,0.544118,0.405882,0.428431,0.522549,0.470588,0.466667,0.418627,0.533333,0.487255,0.416667,0.444118,0.454902,0.42549,0.391176,0.533333,0.385294,0.330392,0.335294,0.427451,0.417647,0.422549,0.384314,0.533333,0.502941,0.447059,0.448039,0.435294,0.27549,0.533333,0.410784,0.338235,0.304902,0.307843,0.262745,0.327451,0.752941,0.533333,0.533333,0.148039,0.14902,0.487255,0.486275,0.398039,0.363725,0.237255,neutral
Cluster 11: 0.348039,0.433333,0.673529,0.516667,0.505882,0.355882,0.07451,0.29902,0.806863,0.367647,0.329412,0.793137,0.739216,0.673529,0.317647,0.387255,0.571569,0.459804,0.172549,0.032353,0.256863,0.531373,0.345098,0.240196,0.381373,0.838235,0.630392,0.879412,0.69902,0.766667,0.368627,0.293137,0.663725,0.693137,0.696078,0.460784,0.37451,0.556863,0.584314,0.477451,0.45098,0.602941,0.237255,0.371569,0.263725,0.538235,0.206863,0.185294,0.127451,0.096078,0.596078,0.939216,0.934314,0.417647,0.277451,0.287255,0.327451,0.381373,0.616667,0.659804,0.663725,0.665686,0.773529,0.597059,0.703922,0.788235,0.567647,0.354902,0.636275,0.701961,0.640196,0.221569,0.52549,0.136275,0.286275,0.473529,0.353922,0.345098,0.369608,0.043137,angry
Cluster 12: 0.767647,0.436275,0.533333,0.601961,0.737255,0.511765,0.861765,0.696078,0.495098,0.865686,0.672549,0.542157,0.560784,0.543137,0.443137,0.567647,0.556863,0.497059,0.718627,0.426471,0.581373,0.570588,0.318627,0.402941,0.588235,0.589216,0.305882,0.642157,0.544118,0.52549,0.728431,0.951961,0.608824,0.427451,0.414706,0.42451,0.607843,0.546078,0.389216,0.398039,0.605882,0.820588,0.102941,0.355882,0.536275,0.563725,0.338235,0.328431,0.477451,0.664706,0.128431,0.511765,0.262745,0.156863,0.162745,0.141176,0.134314,0.455882,0.186275,0.191176,0.132353,0.19902,0.208824,0.371569,0.148039,0.65,0.256863,0.541176,0.552941,0.536275,0.416667,0.242157,0.252941,0.228431,0.236275,0.228431,0.25,0.316667,0.37549,0.601961,angry
Cluster 13: 0.65,0.797059,0.54902,0.555882,0.645098,0.778431,0.520588,0.641176,0.737255,0.395098,0.412745,0.739216,0.690196,0.603922,0.638235,0.704902,0.641176,0.546078,0.633333,0.539216,0.701961,0.572549,0.52549,0.478431,0.744118,0.617647,0.396078,0.664706,0.184314,0.785294,0.685294,0.431373,0.652941,0.796078,0.80098,0.812745,0.598039,0.601961,0.760784,0.762745,0.695098,0.539216,0.27451,0.715686,0.742157,0.720588,0.708824,0.712745,0.713725,0.304902,0.692157,0.593137,0.520588,0.728431,0.74902,0.720588,0.695098,0.393137,0.632353,0.461765,0.304902,0.310784,0.508824,0.434314,0.661765,0.679412,0.22549,0.603922,0.655882,0.523529,0.394118,0.494118,0.254902,0.231373,0.234314,0.208824,0.713725,0.593137,0.611765,0.668627,fear
Cluster 14: 0.551961,0.447059,0.7,0.708824,0.713725,0.848039,0.70098,0.751961,0.811765,0.685294,0.640196,0.820588,0.807843,0.826471,0.609804,0.756863,0.732353,0.8,0.712745,0.495098,0.640196,0.701961,0.52549,0.515686,0.658824,0.720588,0.744118,0.810784,0.686275,0.735294,0.497059,0.670588,0.716667,0.785294,0.828431,0.731373,0.596078,0.808824,0.811765,0.754902,0.618627,0.680392,0.436275,0.776471,0.765686,0.706863,0.74902,0.716667,0.718627,0.552941,0.469608,0.382353,0.347059,0.415686,0.393137,0.409804,0.333333,0.611765,0.534314,0.578431,0.57451,0.559804,0.248039,0.603922,0.514706,0.457843,0.471569,0.647059,0.190196,0.257843,0.25,0.596078,0.571569,0.611765,0.564706,0.481373,0.629412,0.67451,0.627451,0.508824,neutral

Missing values globally replaced with mean/mode

Final cluster centroids:
                         Cluster#
Attribute    Full Data          0          1          2          3          4          5          6          7          8          9         10         11         12         13         14
             (35887.0)   (3036.0)   (2106.0)   (2642.0)   (2592.0)   (2119.0)   (2721.0)   (2188.0)   (2816.0)   (2934.0)   (2045.0)   (2046.0)   (2051.0)   (2003.0)   (2289.0)   (2299.0)
===========================================================================================================================================================================================
pixel1          0.4398     0.2713     0.7789     0.5192     0.4159     0.1863     0.1947     0.7431     0.7643     0.2832     0.3808     0.4817     0.3985     0.3331     0.2899     0.6184
pixel4          0.4255     0.3389     0.6002     0.4869     0.4508     0.2026     0.2292     0.6334      0.658     0.3593     0.4197     0.4014     0.4162     0.3343     0.3516     0.5089
pixel22         0.4361     0.2113     0.8292     0.3104     0.7245     0.2033     0.2262     0.4063     0.7863     0.2381     0.2946     0.4089      0.365     0.6144      0.303     0.6977
pixel23         0.4582     0.2154     0.8688     0.3244     0.7573     0.2085     0.2314     0.4223     0.8356     0.2565     0.3227     0.4399     0.3947     0.6303     0.3113     0.7365
pixel24         0.4531     0.2619     0.8148      0.536     0.4192     0.1873     0.2011      0.766      0.793       0.29     0.4064     0.5087     0.4177     0.3352     0.2918     0.6409
pixel37         0.5661      0.469     0.5437     0.5108     0.6812      0.333     0.5337      0.624     0.7317     0.6612     0.6394     0.4051      0.532     0.5128      0.612     0.6314
pixel47         0.4499     0.2088     0.8628     0.3106     0.7576     0.2044     0.2254      0.405     0.8291     0.2395     0.3076     0.4282     0.3865     0.6316     0.3024     0.7324
pixel48         0.4461     0.2628     0.8017     0.5303     0.4076     0.1854     0.1912     0.7624     0.7865       0.28     0.4017     0.5007     0.4137     0.3289     0.2878     0.6249
pixel59         0.5961     0.5167      0.562     0.5528     0.6939      0.345     0.5661     0.6652     0.7616     0.7228     0.6894     0.4175     0.5614     0.4909     0.6417     0.6616
pixel71         0.4427     0.2066     0.8503     0.3061     0.7497     0.2009     0.2203     0.3953     0.8169     0.2303     0.3021     0.4173     0.3849      0.628     0.3026     0.7137
pixel119        0.4334     0.2077     0.8155     0.2973     0.7241     0.2007      0.217     0.4003     0.7874     0.2284     0.3239     0.4021     0.3969     0.6124     0.3191     0.6551
pixel131        0.6235     0.5416     0.5926     0.5657     0.7161     0.3513     0.6217     0.6853     0.7857     0.7827      0.758     0.4087     0.5942     0.4746      0.674     0.6911
pixel155         0.612     0.5256     0.5854     0.5472     0.7046     0.3377     0.6098     0.6787     0.7783     0.7786     0.7573     0.3854     0.5837     0.4528     0.6634     0.6806
pixel156        0.6115     0.5169      0.588     0.5342     0.7139     0.3376     0.6158     0.6695     0.7797     0.7752     0.7538     0.3814     0.5826     0.4724     0.6634     0.6819
pixel173         0.486      0.435     0.5012     0.5136     0.5558     0.2364     0.3634     0.6088     0.6808     0.5783      0.602     0.3319     0.4728     0.3216     0.4757     0.5305
pixel179        0.5936     0.5047     0.5718     0.5277     0.6876     0.3123     0.5802     0.6738     0.7686     0.7602     0.7488     0.3583     0.5637     0.4324     0.6426     0.6614
pixel180        0.5935      0.494     0.5753     0.5095     0.7047      0.316     0.5881     0.6583     0.7712     0.7589     0.7462     0.3518     0.5638     0.4521      0.644      0.664
pixel181        0.5571     0.4501     0.5442     0.4723     0.6795     0.3028     0.5466     0.6116     0.7365     0.7055     0.6988     0.3316     0.5333     0.4436     0.5929     0.6149
pixel192        0.4493     0.2914     0.7486     0.5423     0.4112     0.1818     0.1763     0.7559     0.7788     0.2853     0.4999     0.4864     0.4947     0.3149     0.3137     0.5369
pixel200        0.4535     0.3937     0.4536     0.4476      0.531     0.2429      0.404     0.5611     0.6058     0.5416     0.5551     0.2976     0.4311     0.3305     0.4511     0.4804
pixel203        0.5871     0.5057     0.5659     0.5247     0.6801     0.3035     0.5582     0.6767     0.7624      0.745     0.7437     0.3583     0.5565     0.4306     0.6387      0.652
pixel204        0.5892      0.489     0.5711     0.5041     0.7064     0.3134     0.5739     0.6538     0.7679     0.7445     0.7412     0.3523     0.5601     0.4597      0.645     0.6564
pixel220        0.4973     0.4519      0.529      0.541     0.5428     0.2365     0.3347     0.6626     0.6977     0.5877     0.6288     0.3592     0.4922     0.3207     0.4692     0.5333
pixel225        0.4917     0.4325     0.4738     0.4683     0.5606     0.2632     0.4357     0.6055     0.6416     0.6193     0.6193     0.3203     0.4649     0.3587     0.4963     0.5315
pixel227        0.6038     0.5357      0.574     0.5506     0.6861     0.3299     0.5695      0.697     0.7691     0.7485     0.7554     0.3886     0.5763     0.4556      0.654     0.6677
pixel228        0.6081     0.5156     0.5815     0.5246     0.7203     0.3434     0.5952     0.6664     0.7766     0.7456     0.7532     0.3865     0.5824     0.4959     0.6698     0.6734
pixel244        0.5315     0.4878     0.5501     0.5681      0.575      0.256     0.3728     0.6886     0.7292     0.6494     0.6789     0.3842     0.5259     0.3446     0.5096     0.5708
pixel252        0.6315     0.5492     0.6001     0.5549     0.7356     0.3794     0.6215     0.6867     0.7851     0.7536     0.7656     0.4238     0.6173     0.5292     0.6937     0.6925
pixel292        0.5782     0.5308     0.5984     0.6026     0.6249     0.2867     0.4332      0.727      0.771     0.7123     0.7378     0.4272     0.5635     0.3715     0.5715     0.6246
pixel294        0.6244      0.594     0.5954     0.6196     0.6866     0.3349     0.5591     0.7306     0.7875      0.787     0.7757     0.4255     0.5897     0.4158     0.6556     0.6855
pixel307        0.5814     0.4087     0.6083     0.4602     0.7278     0.3433     0.5751     0.5973     0.7591     0.6513     0.7227     0.3989     0.5905     0.5867     0.6582     0.6108
pixel312        0.4736     0.2931     0.7718     0.5775     0.4524     0.1844     0.1835     0.7617     0.8073     0.3092     0.6157     0.5202     0.5833      0.319     0.3308     0.4918
pixel317         0.609     0.5711     0.5961     0.6118     0.6695     0.3106     0.5146     0.7387     0.7861     0.7649     0.7667     0.4257      0.579     0.3899     0.6321     0.6642
pixel320        0.6211     0.5957     0.5784     0.5885     0.6905     0.3365     0.5661     0.7235     0.7846     0.7824     0.7789     0.4168     0.5821     0.4212     0.6628      0.686
pixel343        0.6128     0.5884     0.5678     0.5728     0.6819     0.3137      0.552      0.718     0.7858     0.7775      0.782     0.4061     0.5777     0.3982     0.6652     0.6795
pixel344        0.5957     0.5709     0.5512     0.5543     0.6642     0.3064     0.5322     0.7067     0.7668      0.757     0.7648      0.395     0.5512     0.3925     0.6427      0.659
pixel351        0.5901     0.4825     0.5572     0.4783     0.7059     0.3439     0.5978     0.6323     0.7483     0.7167     0.7419      0.388     0.5718      0.509      0.662     0.6432
pixel356        0.5233     0.3167     0.6383     0.4004     0.6935     0.2793     0.4647      0.542       0.75      0.513     0.6508      0.378      0.569     0.5766     0.5854     0.5195
pixel367        0.5847     0.5608     0.5391     0.5383     0.6516     0.2828      0.512     0.6969     0.7638     0.7485     0.7644     0.3859     0.5515     0.3707      0.635     0.6483
pixel368        0.5741     0.5489     0.5278     0.5282     0.6415     0.2845     0.5019     0.6885     0.7519      0.737     0.7479     0.3786     0.5339     0.3655     0.6185     0.6373
pixel376        0.5804     0.4653     0.5426     0.4535     0.6945     0.3255     0.5822     0.6242     0.7469     0.7137     0.7475     0.3748     0.5657     0.5081     0.6609     0.6318
pixel383        0.4663     0.2257     0.7882     0.3415     0.7012     0.2097     0.2495      0.449     0.8087     0.2451      0.605     0.4392     0.6015     0.5704     0.4411      0.455
pixel384        0.4711     0.2678     0.7944     0.5805     0.4535     0.1761      0.167     0.7572     0.8217     0.2734     0.6687     0.5457     0.6325     0.2985     0.3278     0.4266
pixel391        0.5596     0.5348     0.5129     0.5142     0.6193     0.2622     0.4776     0.6805     0.7418     0.7218     0.7431     0.3679     0.5266     0.3513     0.6061     0.6172
pixel400        0.5587     0.4368     0.5228     0.4287     0.6759     0.3105     0.5574     0.5996     0.7277     0.6864     0.7268      0.356     0.5475     0.4942     0.6399      0.608
pixel401        0.5551     0.4106     0.5402     0.4244     0.6777     0.3053     0.5476     0.5887     0.7361     0.6732     0.7215     0.3529     0.5541     0.5108     0.6365     0.5964
pixel415        0.5359     0.5057     0.4948      0.494     0.5973     0.2431     0.4491     0.6636     0.7227     0.6931     0.7156     0.3466     0.5072     0.3332     0.5745     0.5868
pixel416        0.5327     0.5091      0.486     0.4916     0.5962      0.253     0.4534     0.6537     0.7126     0.6889      0.707     0.3439     0.4989     0.3349     0.5669     0.5801
pixel424        0.5347     0.4068      0.507     0.4062     0.6529     0.2949     0.5332     0.5709     0.7093     0.6531     0.6997     0.3373     0.5259      0.475      0.611     0.5794
pixel432        0.4676     0.2497     0.7997     0.5795     0.4515     0.1707     0.1649     0.7564     0.8225     0.2563     0.6976     0.5476     0.6539      0.285     0.3344     0.3828
pixel444        0.4986     0.3961     0.4506     0.4556     0.6027     0.2722     0.5353     0.5624     0.6283     0.6534      0.637     0.3125     0.4724     0.3703     0.5096      0.524
pixel453        0.4572     0.2247     0.7094     0.3263      0.675     0.2017     0.2894     0.4577     0.7774     0.2886     0.6286     0.3915     0.5972     0.5402     0.4935     0.3671
pixel455        0.4576     0.2103     0.7908     0.3277     0.6995     0.1989     0.2316     0.4335     0.8175     0.2185     0.6499     0.4469     0.6388     0.5483     0.4337     0.3711
pixel466        0.4827     0.4098     0.4236      0.488     0.5776     0.2465     0.4841     0.5687     0.6154     0.6518     0.6274     0.3059     0.4463     0.3202     0.4548     0.5067
pixel467        0.4877     0.3968     0.4237     0.4806     0.5911      0.259     0.5216      0.556     0.6107     0.6596     0.6326     0.3083     0.4517     0.3366     0.4643     0.5108
pixel468        0.4883     0.3826     0.4249     0.4644     0.6031     0.2682     0.5405     0.5434     0.6113     0.6509     0.6316     0.3051      0.455     0.3592       0.47     0.5108
pixel469        0.4854     0.3647     0.4311     0.4423     0.6071     0.2724     0.5461     0.5284     0.6141     0.6302     0.6265     0.3028     0.4543     0.3831     0.4774     0.5094
pixel481        0.4548     0.2493     0.7556     0.5677      0.443     0.1686     0.1621     0.7355     0.7994       0.26     0.7124     0.5306     0.6524     0.2546     0.3386     0.3212
pixel490        0.4938     0.4151     0.4378     0.5033     0.5914     0.2494     0.4952     0.5888      0.631     0.6681     0.6378     0.3064     0.4473      0.325     0.4664     0.5244
pixel491        0.4945     0.3995      0.435     0.4891     0.6038     0.2575      0.524     0.5724     0.6278     0.6689     0.6392     0.3045     0.4501     0.3396     0.4691     0.5219
pixel492        0.4942     0.3828     0.4369     0.4713     0.6132     0.2639     0.5417     0.5589     0.6255     0.6614     0.6418     0.3054     0.4507     0.3594     0.4745     0.5196
pixel493        0.4932     0.3661     0.4407     0.4513     0.6177     0.2714      0.548     0.5468     0.6261     0.6436     0.6399     0.3056     0.4533     0.3864     0.4878     0.5211
pixel503        0.4538     0.2075     0.7746     0.3274     0.6968      0.196      0.232     0.4233     0.8071     0.2181     0.6668     0.4381     0.6621     0.5323     0.4454     0.3324
pixel504        0.4608     0.2427     0.7654     0.5739     0.4556      0.177     0.1703     0.7441     0.8014     0.2588     0.7127     0.5434      0.666     0.2632      0.347     0.3263
pixel515        0.5061     0.4111     0.4532     0.4938     0.6161     0.2607     0.5199      0.591     0.6459     0.6787     0.6565     0.3048     0.4676     0.3489     0.4933      0.537
pixel522        0.4636     0.2538     0.5472     0.3469     0.6584     0.2269      0.398     0.4905     0.7087     0.4423     0.6393     0.3128     0.5481      0.478     0.5474     0.3817
pixel535        0.4805     0.3902     0.4988     0.5009     0.5565     0.2059     0.3467     0.6444     0.6955     0.6114     0.6576     0.3264     0.4909     0.2875     0.4651      0.452
pixel544        0.4827     0.2881     0.4903      0.381     0.6522     0.2428     0.4824     0.5215     0.6928     0.5498     0.6484     0.2951     0.5175      0.452      0.552     0.4464
pixel547        0.4378      0.228     0.5796     0.3274     0.6517     0.2014     0.3218     0.4586     0.7105     0.3294     0.6317     0.3309     0.5678     0.4784       0.51     0.3101
pixel550        0.4411     0.2086     0.7057     0.3181     0.6774     0.2005     0.2508     0.4225     0.7642     0.2297     0.6664     0.4031     0.6551     0.5034     0.4598     0.2887
pixel551        0.4482     0.2108     0.7294     0.3288     0.6827     0.2029      0.247     0.4261     0.7794     0.2291     0.6718     0.4226     0.6636     0.5121     0.4467     0.3131
pixel552        0.4592     0.2595     0.7281     0.5685      0.459     0.1861     0.1892     0.7247     0.7695     0.2853     0.7022     0.5213     0.6555     0.2746     0.3623     0.3224
pixel554        0.4431     0.2658     0.6675     0.5453     0.4446     0.1786     0.1873     0.7029     0.7439     0.3032     0.6912     0.4785      0.617     0.2564     0.3605     0.2997
pixel558        0.4504     0.3406     0.5174     0.4903     0.5105      0.184     0.2799     0.6376     0.6885     0.5022     0.6463     0.3462      0.505     0.2711     0.4299     0.3785
pixel559        0.4633     0.3643      0.499      0.489      0.536     0.1934     0.3167     0.6358     0.6882     0.5678     0.6473     0.3238     0.4892     0.2779     0.4494     0.4123
pixel560        0.4781     0.3846     0.4866     0.4885     0.5615     0.2087     0.3644     0.6323     0.6872     0.6191     0.6549     0.3101     0.4875     0.2926     0.4633     0.4475
pixel563        0.5012     0.3858      0.463     0.4759     0.6183     0.2384     0.4909     0.5954     0.6715     0.6757     0.6641      0.294     0.4853     0.3484      0.507     0.5007
pixel566        0.4941      0.331     0.4743     0.4161     0.6427     0.2496     0.5106     0.5525     0.6798     0.6193     0.6533     0.2883     0.5033     0.4078     0.5404     0.4759
pixel567        0.4816     0.3002     0.4798     0.3909     0.6465     0.2383      0.487     0.5309     0.6849     0.5672     0.6466     0.2878     0.5063     0.4282     0.5397     0.4455
pixel569        0.4505     0.2519     0.5058     0.3488       0.64     0.2189     0.3986     0.4907     0.6885     0.4388      0.623     0.2998     0.5251     0.4494     0.5268     0.3646
emotion          happy        sad      happy      happy      happy      happy      happy        sad       fear      happy    neutral    neutral      angry      angry       fear    neutral


Clusterer Built in 21.62032127380371 secs.

Clustering data.
Cluster results

kMeans
======

Number of iterations: 125
Within cluster sum of squared errors: 117030.00000175078

Initial starting points (random):

Cluster 0: 0.523529,0.62451,0.331373,0.310784,0.581373,0.64902,0.338235,0.558824,0.578431,0.344118,0.155882,0.410784,0.337255,0.37451,0.332353,0.344118,0.258824,0.25,0.368627,0.773529,0.317647,0.384314,0.410784,0.694118,0.341176,0.383333,0.436275,0.458824,0.385294,0.469608,0.454902,0.072549,0.541176,0.559804,0.364706,0.456863,0.509804,0.167647,0.436275,0.487255,0.485294,0.142157,0.037255,0.455882,0.452941,0.541176,0.260784,0.316667,0.478431,0.073529,0.219608,0.217647,0.093137,0.301961,0.391176,0.352941,0.312745,0.037255,0.378431,0.464706,0.532353,0.585294,0.159804,0.348039,0.555882,0.442157,0.382353,0.569608,0.456863,0.245098,0.305882,0.384314,0.284314,0.185294,0.277451,0.432353,0.54902,0.568627,0.584314,0.594118,sad
Cluster 1: 0.997059,0.455882,1,1,1,0.468627,1,1,0.568627,1,1,0.578431,0.593137,0.576471,0.567647,0.588235,0.578431,0.558824,0.815686,0.326471,0.546078,0.57451,0.604902,0.226471,0.598039,0.634314,0.638235,0.632353,0.665686,0.548039,0.763725,0.996078,0.568627,0.492157,0.545098,0.57451,0.438235,0.731373,0.608824,0.62451,0.458824,1,0.942157,0.586275,0.653922,0.548039,0.393137,0.669608,0.42451,0.983333,0.563725,0.998039,1,0.507843,0.520588,0.590196,0.709804,0.99902,0.530392,0.546078,0.601961,0.683333,1,1,0.567647,0.995098,0.567647,0.719608,0.996078,1,1,0.998039,0.633333,0.535294,0.453922,0.461765,0.510784,0.663725,0.693137,0.930392,happy
Cluster 2: 0.086275,0.286275,0.190196,0.236275,0.126471,0.794118,0.163725,0.098039,0.80098,0.221569,0.198039,0.831373,0.754902,0.784314,0.361765,0.688235,0.747059,0.756863,0.07549,0.562745,0.616667,0.752941,0.667647,0.528431,0.64902,0.777451,0.759804,0.794118,0.806863,0.831373,0.372549,0.372549,0.705882,0.690196,0.685294,0.672549,0.7,0.521569,0.721569,0.678431,0.814706,0.235294,0.352941,0.686275,0.761765,0.822549,0.562745,0.680392,0.597059,0.333333,0.565686,0.083333,0.201961,0.866667,0.703922,0.580392,0.408824,0.473529,0.95,0.927451,0.723529,0.495098,0.243137,0.561765,0.729412,0.17451,0.517647,0.423529,0.137255,0.181373,0.229412,0.605882,0.413725,0.732353,0.729412,0.627451,0.360784,0.357843,0.329412,0.036275,happy
Cluster 3: 0.146078,0.596078,0.996078,0.996078,0.090196,0.804902,0.996078,0.077451,0.84902,0.996078,0.996078,0.870588,0.819608,0.817647,0.544118,0.77451,0.759804,0.698039,0.355882,0.552941,0.745098,0.780392,0.669608,0.426471,0.72451,0.835294,0.641176,0.829412,0.681373,0.540196,0.821569,0.335294,0.684314,0.777451,0.783333,0.82549,0.716667,0.809804,0.752941,0.789216,0.797059,0.996078,0.388235,0.714706,0.780392,0.757843,0.648039,0.679412,0.570588,0.25098,0.593137,0.929412,0.982353,0.655882,0.532353,0.452941,0.510784,0.021569,0.635294,0.621569,0.6,0.557843,0.932353,0.159804,0.613725,0.805882,0.42549,0.742157,0.760784,0.942157,0.969608,0.154902,0.02549,0.010784,0.183333,0.605882,0.547059,0.620588,0.616667,0.677451,happy
Cluster 4: 0.634314,0.648039,0.446078,0.480392,0.603922,0.00098,0.465686,0.602941,0.240196,0.479412,0.54902,0.353922,0.407843,0.483333,0.037255,0.415686,0.456863,0.514706,0.595098,0.211765,0.20098,0.305882,0.165686,0.222549,0.09902,0.282353,0.106863,0.208824,0.07549,0.230392,0.445098,0.603922,0.243137,0.422549,0.321569,0.419608,0.507843,0.391176,0.395098,0.380392,0.457843,0.477451,0.57451,0.328431,0.454902,0.448039,0.065686,0.233333,0.47451,0.558824,0.442157,0.280392,0.484314,0.42549,0.413725,0.445098,0.452941,0.003922,0.413725,0.440196,0.445098,0.476471,0.484314,0.00098,0.440196,0.112745,0.433333,0.363725,0.094118,0.001961,0.012745,0,0.001961,0.164706,0.228431,0.207843,0.528431,0.891176,0.748039,0.07549,disgust
Cluster 5: 0.131373,0.104902,0.222549,0.220588,0.096078,0.680392,0.228431,0.096078,0.580392,0.212745,0.077451,0.796078,0.779412,0.751961,0.34902,0.57549,0.576471,0.508824,0.355882,0.339216,0.451961,0.533333,0.326471,0.437255,0.478431,0.618627,0.445098,0.548039,0.563725,0.62451,0.538235,0.216667,0.692157,0.52451,0.494118,0.513725,0.493137,0.49902,0.462745,0.419608,0.489216,0.206863,0.227451,0.263725,0.470588,0.462745,0.411765,0.428431,0.243137,0.176471,0.485294,0.348039,0.191176,0.931373,0.922549,0.932353,0.882353,0.17549,0.748039,0.858824,0.828431,0.654902,0.188235,0.228431,0.757843,0.381373,0.478431,0.4,0.335294,0.117647,0.134314,0.228431,0.126471,0.332353,0.514706,0.479412,0.255882,0.370588,0.435294,0.212745,happy
Cluster 6: 0.881373,0.496078,0.262745,0.596078,0.892157,0.87549,0.381373,0.898039,0.854902,0.29902,0.216667,0.861765,0.782353,0.807843,0.422549,0.745098,0.747059,0.526471,0.937255,0.52451,0.853922,0.810784,0.260784,0.421569,0.856863,0.816667,0.403922,0.789216,0.527451,0.810784,0.741176,0.962745,0.548039,0.798039,0.741176,0.734314,0.551961,0.585294,0.646078,0.654902,0.551961,0.681373,0.972549,0.578431,0.693137,0.589216,0.619608,0.393137,0.402941,0.980392,0.428431,0.237255,0.05,0.435294,0.597059,0.714706,0.695098,0.982353,0.316667,0.333333,0.391176,0.403922,0.202941,0.980392,0.506863,0.438235,0.289216,0.380392,0.156863,0.234314,0.183333,0.980392,0.981373,0.980392,0.67451,0.160784,0.365686,0.351961,0.310784,0.17451,sad
Cluster 7: 0.887255,0.922549,0.784314,0.80098,0.885294,0.965686,0.811765,0.877451,0.964706,0.811765,0.814706,0.732353,0.711765,0.723529,0.573529,0.671569,0.691176,0.684314,0.495098,0.454902,0.62451,0.703922,0.520588,0.548039,0.65098,0.743137,0.668627,0.784314,0.720588,0.806863,0.710784,0.765686,0.768627,0.709804,0.636275,0.644118,0.685294,0.740196,0.62549,0.673529,0.703922,0.84902,0.758824,0.638235,0.683333,0.681373,0.643137,0.595098,0.653922,0.768627,0.571569,0.740196,0.876471,0.652941,0.622549,0.6,0.65,0.873529,0.613725,0.65098,0.635294,0.589216,0.868627,0.790196,0.619608,0.954902,0.592157,0.616667,0.993137,0.857843,0.852941,0.790196,0.835294,0.481373,0.522549,0.606863,0.777451,0.698039,0.641176,0.766667,fear
Cluster 8: 0.144118,0.496078,0.27451,0.639216,0.216667,0.896078,0.458824,0.160784,0.873529,0.362745,0.333333,0.821569,0.771569,0.784314,0.595098,0.640196,0.719608,0.706863,0.706863,0.482353,0.531373,0.716667,0.607843,0.613725,0.665686,0.805882,0.743137,0.862745,0.733333,0.884314,0.211765,0.255882,0.8,0.820588,0.781373,0.698039,0.728431,0.141176,0.671569,0.721569,0.620588,0.151961,0.12549,0.667647,0.510784,0.503922,0.601961,0.65098,0.47451,0.167647,0.751961,0.132353,0.140196,0.826471,0.811765,0.834314,0.769608,0.138235,0.803922,0.904902,0.947059,0.852941,0.159804,0.201961,0.336275,0.308824,0.585294,0.594118,0.114706,0.221569,0.176471,0.252941,0.303922,0.657843,0.651961,0.595098,0.829412,0.57451,0.663725,0.246078,happy
Cluster 9: 0.027451,0.026471,0.027451,0.048039,0.027451,0.498039,0.035294,0.027451,0.543137,0.027451,0.030392,0.661765,0.659804,0.664706,0.122549,0.630392,0.605882,0.52451,0.059804,0.312745,0.590196,0.578431,0.313725,0.436275,0.70098,0.65098,0.368627,0.67451,0.667647,0.717647,0.688235,0.676471,0.67451,0.686275,0.717647,0.631373,0.570588,0.583333,0.7,0.586275,0.633333,0.687255,0.918627,0.691176,0.659804,0.677451,0.685294,0.645098,0.65098,0.921569,0.585294,0.017647,0.176471,0.55098,0.602941,0.581373,0.580392,0.810784,0.568627,0.616667,0.616667,0.589216,0.256863,0.819608,0.45,0.502941,0.486275,0.493137,0.023529,0.020588,0.527451,0.794118,0.730392,0.790196,0.479412,0.435294,0.487255,0.427451,0.426471,0.359804,neutral
Cluster 10: 0.934314,0.759804,0.804902,0.47549,0.431373,0.97549,0.481373,0.345098,0.489216,0.283333,0.317647,0.588235,0.614706,0.582353,0.220588,0.576471,0.552941,0.464706,0.533333,0.485294,0.576471,0.509804,0.514706,0.351961,0.545098,0.442157,0.455882,0.433333,0.534314,0.554902,0.47451,0.533333,0.532353,0.531373,0.538235,0.544118,0.405882,0.428431,0.522549,0.470588,0.466667,0.418627,0.533333,0.487255,0.416667,0.444118,0.454902,0.42549,0.391176,0.533333,0.385294,0.330392,0.335294,0.427451,0.417647,0.422549,0.384314,0.533333,0.502941,0.447059,0.448039,0.435294,0.27549,0.533333,0.410784,0.338235,0.304902,0.307843,0.262745,0.327451,0.752941,0.533333,0.533333,0.148039,0.14902,0.487255,0.486275,0.398039,0.363725,0.237255,neutral
Cluster 11: 0.348039,0.433333,0.673529,0.516667,0.505882,0.355882,0.07451,0.29902,0.806863,0.367647,0.329412,0.793137,0.739216,0.673529,0.317647,0.387255,0.571569,0.459804,0.172549,0.032353,0.256863,0.531373,0.345098,0.240196,0.381373,0.838235,0.630392,0.879412,0.69902,0.766667,0.368627,0.293137,0.663725,0.693137,0.696078,0.460784,0.37451,0.556863,0.584314,0.477451,0.45098,0.602941,0.237255,0.371569,0.263725,0.538235,0.206863,0.185294,0.127451,0.096078,0.596078,0.939216,0.934314,0.417647,0.277451,0.287255,0.327451,0.381373,0.616667,0.659804,0.663725,0.665686,0.773529,0.597059,0.703922,0.788235,0.567647,0.354902,0.636275,0.701961,0.640196,0.221569,0.52549,0.136275,0.286275,0.473529,0.353922,0.345098,0.369608,0.043137,angry
Cluster 12: 0.767647,0.436275,0.533333,0.601961,0.737255,0.511765,0.861765,0.696078,0.495098,0.865686,0.672549,0.542157,0.560784,0.543137,0.443137,0.567647,0.556863,0.497059,0.718627,0.426471,0.581373,0.570588,0.318627,0.402941,0.588235,0.589216,0.305882,0.642157,0.544118,0.52549,0.728431,0.951961,0.608824,0.427451,0.414706,0.42451,0.607843,0.546078,0.389216,0.398039,0.605882,0.820588,0.102941,0.355882,0.536275,0.563725,0.338235,0.328431,0.477451,0.664706,0.128431,0.511765,0.262745,0.156863,0.162745,0.141176,0.134314,0.455882,0.186275,0.191176,0.132353,0.19902,0.208824,0.371569,0.148039,0.65,0.256863,0.541176,0.552941,0.536275,0.416667,0.242157,0.252941,0.228431,0.236275,0.228431,0.25,0.316667,0.37549,0.601961,angry
Cluster 13: 0.65,0.797059,0.54902,0.555882,0.645098,0.778431,0.520588,0.641176,0.737255,0.395098,0.412745,0.739216,0.690196,0.603922,0.638235,0.704902,0.641176,0.546078,0.633333,0.539216,0.701961,0.572549,0.52549,0.478431,0.744118,0.617647,0.396078,0.664706,0.184314,0.785294,0.685294,0.431373,0.652941,0.796078,0.80098,0.812745,0.598039,0.601961,0.760784,0.762745,0.695098,0.539216,0.27451,0.715686,0.742157,0.720588,0.708824,0.712745,0.713725,0.304902,0.692157,0.593137,0.520588,0.728431,0.74902,0.720588,0.695098,0.393137,0.632353,0.461765,0.304902,0.310784,0.508824,0.434314,0.661765,0.679412,0.22549,0.603922,0.655882,0.523529,0.394118,0.494118,0.254902,0.231373,0.234314,0.208824,0.713725,0.593137,0.611765,0.668627,fear
Cluster 14: 0.551961,0.447059,0.7,0.708824,0.713725,0.848039,0.70098,0.751961,0.811765,0.685294,0.640196,0.820588,0.807843,0.826471,0.609804,0.756863,0.732353,0.8,0.712745,0.495098,0.640196,0.701961,0.52549,0.515686,0.658824,0.720588,0.744118,0.810784,0.686275,0.735294,0.497059,0.670588,0.716667,0.785294,0.828431,0.731373,0.596078,0.808824,0.811765,0.754902,0.618627,0.680392,0.436275,0.776471,0.765686,0.706863,0.74902,0.716667,0.718627,0.552941,0.469608,0.382353,0.347059,0.415686,0.393137,0.409804,0.333333,0.611765,0.534314,0.578431,0.57451,0.559804,0.248039,0.603922,0.514706,0.457843,0.471569,0.647059,0.190196,0.257843,0.25,0.596078,0.571569,0.611765,0.564706,0.481373,0.629412,0.67451,0.627451,0.508824,neutral

Missing values globally replaced with mean/mode

Final cluster centroids:
                         Cluster#
Attribute    Full Data          0          1          2          3          4          5          6          7          8          9         10         11         12         13         14
             (35887.0)   (3036.0)   (2106.0)   (2642.0)   (2592.0)   (2119.0)   (2721.0)   (2188.0)   (2816.0)   (2934.0)   (2045.0)   (2046.0)   (2051.0)   (2003.0)   (2289.0)   (2299.0)
===========================================================================================================================================================================================
pixel1          0.4398     0.2713     0.7789     0.5192     0.4159     0.1863     0.1947     0.7431     0.7643     0.2832     0.3808     0.4817     0.3985     0.3331     0.2899     0.6184
pixel4          0.4255     0.3389     0.6002     0.4869     0.4508     0.2026     0.2292     0.6334      0.658     0.3593     0.4197     0.4014     0.4162     0.3343     0.3516     0.5089
pixel22         0.4361     0.2113     0.8292     0.3104     0.7245     0.2033     0.2262     0.4063     0.7863     0.2381     0.2946     0.4089      0.365     0.6144      0.303     0.6977
pixel23         0.4582     0.2154     0.8688     0.3244     0.7573     0.2085     0.2314     0.4223     0.8356     0.2565     0.3227     0.4399     0.3947     0.6303     0.3113     0.7365
pixel24         0.4531     0.2619     0.8148      0.536     0.4192     0.1873     0.2011      0.766      0.793       0.29     0.4064     0.5087     0.4177     0.3352     0.2918     0.6409
pixel37         0.5661      0.469     0.5437     0.5108     0.6812      0.333     0.5337      0.624     0.7317     0.6612     0.6394     0.4051      0.532     0.5128      0.612     0.6314
pixel47         0.4499     0.2088     0.8628     0.3106     0.7576     0.2044     0.2254      0.405     0.8291     0.2395     0.3076     0.4282     0.3865     0.6316     0.3024     0.7324
pixel48         0.4461     0.2628     0.8017     0.5303     0.4076     0.1854     0.1912     0.7624     0.7865       0.28     0.4017     0.5007     0.4137     0.3289     0.2878     0.6249
pixel59         0.5961     0.5167      0.562     0.5528     0.6939      0.345     0.5661     0.6652     0.7616     0.7228     0.6894     0.4175     0.5614     0.4909     0.6417     0.6616
pixel71         0.4427     0.2066     0.8503     0.3061     0.7497     0.2009     0.2203     0.3953     0.8169     0.2303     0.3021     0.4173     0.3849      0.628     0.3026     0.7137
pixel119        0.4334     0.2077     0.8155     0.2973     0.7241     0.2007      0.217     0.4003     0.7874     0.2284     0.3239     0.4021     0.3969     0.6124     0.3191     0.6551
pixel131        0.6235     0.5416     0.5926     0.5657     0.7161     0.3513     0.6217     0.6853     0.7857     0.7827      0.758     0.4087     0.5942     0.4746      0.674     0.6911
pixel155         0.612     0.5256     0.5854     0.5472     0.7046     0.3377     0.6098     0.6787     0.7783     0.7786     0.7573     0.3854     0.5837     0.4528     0.6634     0.6806
pixel156        0.6115     0.5169      0.588     0.5342     0.7139     0.3376     0.6158     0.6695     0.7797     0.7752     0.7538     0.3814     0.5826     0.4724     0.6634     0.6819
pixel173         0.486      0.435     0.5012     0.5136     0.5558     0.2364     0.3634     0.6088     0.6808     0.5783      0.602     0.3319     0.4728     0.3216     0.4757     0.5305
pixel179        0.5936     0.5047     0.5718     0.5277     0.6876     0.3123     0.5802     0.6738     0.7686     0.7602     0.7488     0.3583     0.5637     0.4324     0.6426     0.6614
pixel180        0.5935      0.494     0.5753     0.5095     0.7047      0.316     0.5881     0.6583     0.7712     0.7589     0.7462     0.3518     0.5638     0.4521      0.644      0.664
pixel181        0.5571     0.4501     0.5442     0.4723     0.6795     0.3028     0.5466     0.6116     0.7365     0.7055     0.6988     0.3316     0.5333     0.4436     0.5929     0.6149
pixel192        0.4493     0.2914     0.7486     0.5423     0.4112     0.1818     0.1763     0.7559     0.7788     0.2853     0.4999     0.4864     0.4947     0.3149     0.3137     0.5369
pixel200        0.4535     0.3937     0.4536     0.4476      0.531     0.2429      0.404     0.5611     0.6058     0.5416     0.5551     0.2976     0.4311     0.3305     0.4511     0.4804
pixel203        0.5871     0.5057     0.5659     0.5247     0.6801     0.3035     0.5582     0.6767     0.7624      0.745     0.7437     0.3583     0.5565     0.4306     0.6387      0.652
pixel204        0.5892      0.489     0.5711     0.5041     0.7064     0.3134     0.5739     0.6538     0.7679     0.7445     0.7412     0.3523     0.5601     0.4597      0.645     0.6564
pixel220        0.4973     0.4519      0.529      0.541     0.5428     0.2365     0.3347     0.6626     0.6977     0.5877     0.6288     0.3592     0.4922     0.3207     0.4692     0.5333
pixel225        0.4917     0.4325     0.4738     0.4683     0.5606     0.2632     0.4357     0.6055     0.6416     0.6193     0.6193     0.3203     0.4649     0.3587     0.4963     0.5315
pixel227        0.6038     0.5357      0.574     0.5506     0.6861     0.3299     0.5695      0.697     0.7691     0.7485     0.7554     0.3886     0.5763     0.4556      0.654     0.6677
pixel228        0.6081     0.5156     0.5815     0.5246     0.7203     0.3434     0.5952     0.6664     0.7766     0.7456     0.7532     0.3865     0.5824     0.4959     0.6698     0.6734
pixel244        0.5315     0.4878     0.5501     0.5681      0.575      0.256     0.3728     0.6886     0.7292     0.6494     0.6789     0.3842     0.5259     0.3446     0.5096     0.5708
pixel252        0.6315     0.5492     0.6001     0.5549     0.7356     0.3794     0.6215     0.6867     0.7851     0.7536     0.7656     0.4238     0.6173     0.5292     0.6937     0.6925
pixel292        0.5782     0.5308     0.5984     0.6026     0.6249     0.2867     0.4332      0.727      0.771     0.7123     0.7378     0.4272     0.5635     0.3715     0.5715     0.6246
pixel294        0.6244      0.594     0.5954     0.6196     0.6866     0.3349     0.5591     0.7306     0.7875      0.787     0.7757     0.4255     0.5897     0.4158     0.6556     0.6855
pixel307        0.5814     0.4087     0.6083     0.4602     0.7278     0.3433     0.5751     0.5973     0.7591     0.6513     0.7227     0.3989     0.5905     0.5867     0.6582     0.6108
pixel312        0.4736     0.2931     0.7718     0.5775     0.4524     0.1844     0.1835     0.7617     0.8073     0.3092     0.6157     0.5202     0.5833      0.319     0.3308     0.4918
pixel317         0.609     0.5711     0.5961     0.6118     0.6695     0.3106     0.5146     0.7387     0.7861     0.7649     0.7667     0.4257      0.579     0.3899     0.6321     0.6642
pixel320        0.6211     0.5957     0.5784     0.5885     0.6905     0.3365     0.5661     0.7235     0.7846     0.7824     0.7789     0.4168     0.5821     0.4212     0.6628      0.686
pixel343        0.6128     0.5884     0.5678     0.5728     0.6819     0.3137      0.552      0.718     0.7858     0.7775      0.782     0.4061     0.5777     0.3982     0.6652     0.6795
pixel344        0.5957     0.5709     0.5512     0.5543     0.6642     0.3064     0.5322     0.7067     0.7668      0.757     0.7648      0.395     0.5512     0.3925     0.6427      0.659
pixel351        0.5901     0.4825     0.5572     0.4783     0.7059     0.3439     0.5978     0.6323     0.7483     0.7167     0.7419      0.388     0.5718      0.509      0.662     0.6432
pixel356        0.5233     0.3167     0.6383     0.4004     0.6935     0.2793     0.4647      0.542       0.75      0.513     0.6508      0.378      0.569     0.5766     0.5854     0.5195
pixel367        0.5847     0.5608     0.5391     0.5383     0.6516     0.2828      0.512     0.6969     0.7638     0.7485     0.7644     0.3859     0.5515     0.3707      0.635     0.6483
pixel368        0.5741     0.5489     0.5278     0.5282     0.6415     0.2845     0.5019     0.6885     0.7519      0.737     0.7479     0.3786     0.5339     0.3655     0.6185     0.6373
pixel376        0.5804     0.4653     0.5426     0.4535     0.6945     0.3255     0.5822     0.6242     0.7469     0.7137     0.7475     0.3748     0.5657     0.5081     0.6609     0.6318
pixel383        0.4663     0.2257     0.7882     0.3415     0.7012     0.2097     0.2495      0.449     0.8087     0.2451      0.605     0.4392     0.6015     0.5704     0.4411      0.455
pixel384        0.4711     0.2678     0.7944     0.5805     0.4535     0.1761      0.167     0.7572     0.8217     0.2734     0.6687     0.5457     0.6325     0.2985     0.3278     0.4266
pixel391        0.5596     0.5348     0.5129     0.5142     0.6193     0.2622     0.4776     0.6805     0.7418     0.7218     0.7431     0.3679     0.5266     0.3513     0.6061     0.6172
pixel400        0.5587     0.4368     0.5228     0.4287     0.6759     0.3105     0.5574     0.5996     0.7277     0.6864     0.7268      0.356     0.5475     0.4942     0.6399      0.608
pixel401        0.5551     0.4106     0.5402     0.4244     0.6777     0.3053     0.5476     0.5887     0.7361     0.6732     0.7215     0.3529     0.5541     0.5108     0.6365     0.5964
pixel415        0.5359     0.5057     0.4948      0.494     0.5973     0.2431     0.4491     0.6636     0.7227     0.6931     0.7156     0.3466     0.5072     0.3332     0.5745     0.5868
pixel416        0.5327     0.5091      0.486     0.4916     0.5962      0.253     0.4534     0.6537     0.7126     0.6889      0.707     0.3439     0.4989     0.3349     0.5669     0.5801
pixel424        0.5347     0.4068      0.507     0.4062     0.6529     0.2949     0.5332     0.5709     0.7093     0.6531     0.6997     0.3373     0.5259      0.475      0.611     0.5794
pixel432        0.4676     0.2497     0.7997     0.5795     0.4515     0.1707     0.1649     0.7564     0.8225     0.2563     0.6976     0.5476     0.6539      0.285     0.3344     0.3828
pixel444        0.4986     0.3961     0.4506     0.4556     0.6027     0.2722     0.5353     0.5624     0.6283     0.6534      0.637     0.3125     0.4724     0.3703     0.5096      0.524
pixel453        0.4572     0.2247     0.7094     0.3263      0.675     0.2017     0.2894     0.4577     0.7774     0.2886     0.6286     0.3915     0.5972     0.5402     0.4935     0.3671
pixel455        0.4576     0.2103     0.7908     0.3277     0.6995     0.1989     0.2316     0.4335     0.8175     0.2185     0.6499     0.4469     0.6388     0.5483     0.4337     0.3711
pixel466        0.4827     0.4098     0.4236      0.488     0.5776     0.2465     0.4841     0.5687     0.6154     0.6518     0.6274     0.3059     0.4463     0.3202     0.4548     0.5067
pixel467        0.4877     0.3968     0.4237     0.4806     0.5911      0.259     0.5216      0.556     0.6107     0.6596     0.6326     0.3083     0.4517     0.3366     0.4643     0.5108
pixel468        0.4883     0.3826     0.4249     0.4644     0.6031     0.2682     0.5405     0.5434     0.6113     0.6509     0.6316     0.3051      0.455     0.3592       0.47     0.5108
pixel469        0.4854     0.3647     0.4311     0.4423     0.6071     0.2724     0.5461     0.5284     0.6141     0.6302     0.6265     0.3028     0.4543     0.3831     0.4774     0.5094
pixel481        0.4548     0.2493     0.7556     0.5677      0.443     0.1686     0.1621     0.7355     0.7994       0.26     0.7124     0.5306     0.6524     0.2546     0.3386     0.3212
pixel490        0.4938     0.4151     0.4378     0.5033     0.5914     0.2494     0.4952     0.5888      0.631     0.6681     0.6378     0.3064     0.4473      0.325     0.4664     0.5244
pixel491        0.4945     0.3995      0.435     0.4891     0.6038     0.2575      0.524     0.5724     0.6278     0.6689     0.6392     0.3045     0.4501     0.3396     0.4691     0.5219
pixel492        0.4942     0.3828     0.4369     0.4713     0.6132     0.2639     0.5417     0.5589     0.6255     0.6614     0.6418     0.3054     0.4507     0.3594     0.4745     0.5196
pixel493        0.4932     0.3661     0.4407     0.4513     0.6177     0.2714      0.548     0.5468     0.6261     0.6436     0.6399     0.3056     0.4533     0.3864     0.4878     0.5211
pixel503        0.4538     0.2075     0.7746     0.3274     0.6968      0.196      0.232     0.4233     0.8071     0.2181     0.6668     0.4381     0.6621     0.5323     0.4454     0.3324
pixel504        0.4608     0.2427     0.7654     0.5739     0.4556      0.177     0.1703     0.7441     0.8014     0.2588     0.7127     0.5434      0.666     0.2632      0.347     0.3263
pixel515        0.5061     0.4111     0.4532     0.4938     0.6161     0.2607     0.5199      0.591     0.6459     0.6787     0.6565     0.3048     0.4676     0.3489     0.4933      0.537
pixel522        0.4636     0.2538     0.5472     0.3469     0.6584     0.2269      0.398     0.4905     0.7087     0.4423     0.6393     0.3128     0.5481      0.478     0.5474     0.3817
pixel535        0.4805     0.3902     0.4988     0.5009     0.5565     0.2059     0.3467     0.6444     0.6955     0.6114     0.6576     0.3264     0.4909     0.2875     0.4651      0.452
pixel544        0.4827     0.2881     0.4903      0.381     0.6522     0.2428     0.4824     0.5215     0.6928     0.5498     0.6484     0.2951     0.5175      0.452      0.552     0.4464
pixel547        0.4378      0.228     0.5796     0.3274     0.6517     0.2014     0.3218     0.4586     0.7105     0.3294     0.6317     0.3309     0.5678     0.4784       0.51     0.3101
pixel550        0.4411     0.2086     0.7057     0.3181     0.6774     0.2005     0.2508     0.4225     0.7642     0.2297     0.6664     0.4031     0.6551     0.5034     0.4598     0.2887
pixel551        0.4482     0.2108     0.7294     0.3288     0.6827     0.2029      0.247     0.4261     0.7794     0.2291     0.6718     0.4226     0.6636     0.5121     0.4467     0.3131
pixel552        0.4592     0.2595     0.7281     0.5685      0.459     0.1861     0.1892     0.7247     0.7695     0.2853     0.7022     0.5213     0.6555     0.2746     0.3623     0.3224
pixel554        0.4431     0.2658     0.6675     0.5453     0.4446     0.1786     0.1873     0.7029     0.7439     0.3032     0.6912     0.4785      0.617     0.2564     0.3605     0.2997
pixel558        0.4504     0.3406     0.5174     0.4903     0.5105      0.184     0.2799     0.6376     0.6885     0.5022     0.6463     0.3462      0.505     0.2711     0.4299     0.3785
pixel559        0.4633     0.3643      0.499      0.489      0.536     0.1934     0.3167     0.6358     0.6882     0.5678     0.6473     0.3238     0.4892     0.2779     0.4494     0.4123
pixel560        0.4781     0.3846     0.4866     0.4885     0.5615     0.2087     0.3644     0.6323     0.6872     0.6191     0.6549     0.3101     0.4875     0.2926     0.4633     0.4475
pixel563        0.5012     0.3858      0.463     0.4759     0.6183     0.2384     0.4909     0.5954     0.6715     0.6757     0.6641      0.294     0.4853     0.3484      0.507     0.5007
pixel566        0.4941      0.331     0.4743     0.4161     0.6427     0.2496     0.5106     0.5525     0.6798     0.6193     0.6533     0.2883     0.5033     0.4078     0.5404     0.4759
pixel567        0.4816     0.3002     0.4798     0.3909     0.6465     0.2383      0.487     0.5309     0.6849     0.5672     0.6466     0.2878     0.5063     0.4282     0.5397     0.4455
pixel569        0.4505     0.2519     0.5058     0.3488       0.64     0.2189     0.3986     0.4907     0.6885     0.4388      0.623     0.2998     0.5251     0.4494     0.5268     0.3646
emotion          happy        sad      happy      happy      happy      happy      happy        sad       fear      happy    neutral    neutral      angry      angry       fear    neutral


Clustered Instances

 0        735 (  2%)
 1        624 (  2%)
 2        173 (  0%)
 3        878 (  2%)
 4       2344 (  7%)
 5        277 (  1%)
 6        695 (  2%)
 7       3785 ( 11%)
 8        140 (  0%)
 9       1421 (  4%)
10       1014 (  3%)
11      13301 ( 37%)
12       7612 ( 21%)
13        851 (  2%)
14       2037 (  6%)


Class attribute: emotion
Classes to Clusters:

    0    1    2    3    4    5    6    7    8    9   10   11   12   13   14  <-- assigned to cluster
  127   83   16  101  427   41   93  382   18  154  151 1763 1173   99  325 | angry
    7    3    1   17   20    0    7   63    0   31   12  222  126   13   25 | disgust
  101  137   26  155  241   35  137  656   16  224  109 1945  872  125  342 | fear
  111  140   58  291  424   67  117  885   30  292  245 3528 2176  210  415 | happy
  169   77   31  134  484   69   77  459   42  300  254 2378 1281  186  257 | neutral
  174   71   31   94  665   54   63  383   18  172  209 2195 1536  111  301 | sad
   46  113   10   86   83   11  201  957   16  248   34 1270  448  107  372 | suprise

Cluster  0 <-- No class
Cluster  1 <-- No class
Cluster  2 <-- No class
Cluster  3 <-- disgust
Cluster  4 <-- angry
Cluster  5 <-- No class
Cluster  6 <-- No class
Cluster  7 <-- suprise
Cluster  8 <-- No class
Cluster  9 <-- neutral
Cluster 10 <-- No class
Cluster 11 <-- happy
Cluster 12 <-- sad
Cluster 13 <-- No class
Cluster 14 <-- fear

Incorrectly clustered instances :	28780.0	 80.1962 %

Classes to clusters
[-1 -1 -1  1  0 -1 -1  6 -1  4 -1  3  5 -1  2]
Clustered data in 6.96940279006958 secs.
