
kMeans
======

Number of iterations: 141
Within cluster sum of squared errors: 123226.34039906759

Initial starting points (random):

Cluster 0: 0.523529,0.62451,0.331373,0.310784,0.581373,0.64902,0.338235,0.558824,0.578431,0.344118,0.155882,0.410784,0.337255,0.37451,0.332353,0.344118,0.258824,0.25,0.368627,0.773529,0.317647,0.384314,0.410784,0.694118,0.341176,0.383333,0.436275,0.458824,0.385294,0.469608,0.454902,0.072549,0.541176,0.559804,0.364706,0.456863,0.509804,0.167647,0.436275,0.487255,0.485294,0.142157,0.037255,0.455882,0.452941,0.541176,0.260784,0.316667,0.478431,0.073529,0.219608,0.217647,0.093137,0.301961,0.391176,0.352941,0.312745,0.037255,0.378431,0.464706,0.532353,0.585294,0.159804,0.348039,0.555882,0.442157,0.382353,0.569608,0.456863,0.245098,0.305882,0.384314,0.284314,0.185294,0.277451,0.432353,0.54902,0.568627,0.584314,0.594118,sad
Cluster 1: 0.997059,0.455882,1,1,1,0.468627,1,1,0.568627,1,1,0.578431,0.593137,0.576471,0.567647,0.588235,0.578431,0.558824,0.815686,0.326471,0.546078,0.57451,0.604902,0.226471,0.598039,0.634314,0.638235,0.632353,0.665686,0.548039,0.763725,0.996078,0.568627,0.492157,0.545098,0.57451,0.438235,0.731373,0.608824,0.62451,0.458824,1,0.942157,0.586275,0.653922,0.548039,0.393137,0.669608,0.42451,0.983333,0.563725,0.998039,1,0.507843,0.520588,0.590196,0.709804,0.99902,0.530392,0.546078,0.601961,0.683333,1,1,0.567647,0.995098,0.567647,0.719608,0.996078,1,1,0.998039,0.633333,0.535294,0.453922,0.461765,0.510784,0.663725,0.693137,0.930392,happy
Cluster 2: 0.086275,0.286275,0.190196,0.236275,0.126471,0.794118,0.163725,0.098039,0.80098,0.221569,0.198039,0.831373,0.754902,0.784314,0.361765,0.688235,0.747059,0.756863,0.07549,0.562745,0.616667,0.752941,0.667647,0.528431,0.64902,0.777451,0.759804,0.794118,0.806863,0.831373,0.372549,0.372549,0.705882,0.690196,0.685294,0.672549,0.7,0.521569,0.721569,0.678431,0.814706,0.235294,0.352941,0.686275,0.761765,0.822549,0.562745,0.680392,0.597059,0.333333,0.565686,0.083333,0.201961,0.866667,0.703922,0.580392,0.408824,0.473529,0.95,0.927451,0.723529,0.495098,0.243137,0.561765,0.729412,0.17451,0.517647,0.423529,0.137255,0.181373,0.229412,0.605882,0.413725,0.732353,0.729412,0.627451,0.360784,0.357843,0.329412,0.036275,happy
Cluster 3: 0.146078,0.596078,0.996078,0.996078,0.090196,0.804902,0.996078,0.077451,0.84902,0.996078,0.996078,0.870588,0.819608,0.817647,0.544118,0.77451,0.759804,0.698039,0.355882,0.552941,0.745098,0.780392,0.669608,0.426471,0.72451,0.835294,0.641176,0.829412,0.681373,0.540196,0.821569,0.335294,0.684314,0.777451,0.783333,0.82549,0.716667,0.809804,0.752941,0.789216,0.797059,0.996078,0.388235,0.714706,0.780392,0.757843,0.648039,0.679412,0.570588,0.25098,0.593137,0.929412,0.982353,0.655882,0.532353,0.452941,0.510784,0.021569,0.635294,0.621569,0.6,0.557843,0.932353,0.159804,0.613725,0.805882,0.42549,0.742157,0.760784,0.942157,0.969608,0.154902,0.02549,0.010784,0.183333,0.605882,0.547059,0.620588,0.616667,0.677451,happy
Cluster 4: 0.634314,0.648039,0.446078,0.480392,0.603922,0.00098,0.465686,0.602941,0.240196,0.479412,0.54902,0.353922,0.407843,0.483333,0.037255,0.415686,0.456863,0.514706,0.595098,0.211765,0.20098,0.305882,0.165686,0.222549,0.09902,0.282353,0.106863,0.208824,0.07549,0.230392,0.445098,0.603922,0.243137,0.422549,0.321569,0.419608,0.507843,0.391176,0.395098,0.380392,0.457843,0.477451,0.57451,0.328431,0.454902,0.448039,0.065686,0.233333,0.47451,0.558824,0.442157,0.280392,0.484314,0.42549,0.413725,0.445098,0.452941,0.003922,0.413725,0.440196,0.445098,0.476471,0.484314,0.00098,0.440196,0.112745,0.433333,0.363725,0.094118,0.001961,0.012745,0,0.001961,0.164706,0.228431,0.207843,0.528431,0.891176,0.748039,0.07549,disgust
Cluster 5: 0.131373,0.104902,0.222549,0.220588,0.096078,0.680392,0.228431,0.096078,0.580392,0.212745,0.077451,0.796078,0.779412,0.751961,0.34902,0.57549,0.576471,0.508824,0.355882,0.339216,0.451961,0.533333,0.326471,0.437255,0.478431,0.618627,0.445098,0.548039,0.563725,0.62451,0.538235,0.216667,0.692157,0.52451,0.494118,0.513725,0.493137,0.49902,0.462745,0.419608,0.489216,0.206863,0.227451,0.263725,0.470588,0.462745,0.411765,0.428431,0.243137,0.176471,0.485294,0.348039,0.191176,0.931373,0.922549,0.932353,0.882353,0.17549,0.748039,0.858824,0.828431,0.654902,0.188235,0.228431,0.757843,0.381373,0.478431,0.4,0.335294,0.117647,0.134314,0.228431,0.126471,0.332353,0.514706,0.479412,0.255882,0.370588,0.435294,0.212745,happy
Cluster 6: 0.881373,0.496078,0.262745,0.596078,0.892157,0.87549,0.381373,0.898039,0.854902,0.29902,0.216667,0.861765,0.782353,0.807843,0.422549,0.745098,0.747059,0.526471,0.937255,0.52451,0.853922,0.810784,0.260784,0.421569,0.856863,0.816667,0.403922,0.789216,0.527451,0.810784,0.741176,0.962745,0.548039,0.798039,0.741176,0.734314,0.551961,0.585294,0.646078,0.654902,0.551961,0.681373,0.972549,0.578431,0.693137,0.589216,0.619608,0.393137,0.402941,0.980392,0.428431,0.237255,0.05,0.435294,0.597059,0.714706,0.695098,0.982353,0.316667,0.333333,0.391176,0.403922,0.202941,0.980392,0.506863,0.438235,0.289216,0.380392,0.156863,0.234314,0.183333,0.980392,0.981373,0.980392,0.67451,0.160784,0.365686,0.351961,0.310784,0.17451,sad
Cluster 7: 0.887255,0.922549,0.784314,0.80098,0.885294,0.965686,0.811765,0.877451,0.964706,0.811765,0.814706,0.732353,0.711765,0.723529,0.573529,0.671569,0.691176,0.684314,0.495098,0.454902,0.62451,0.703922,0.520588,0.548039,0.65098,0.743137,0.668627,0.784314,0.720588,0.806863,0.710784,0.765686,0.768627,0.709804,0.636275,0.644118,0.685294,0.740196,0.62549,0.673529,0.703922,0.84902,0.758824,0.638235,0.683333,0.681373,0.643137,0.595098,0.653922,0.768627,0.571569,0.740196,0.876471,0.652941,0.622549,0.6,0.65,0.873529,0.613725,0.65098,0.635294,0.589216,0.868627,0.790196,0.619608,0.954902,0.592157,0.616667,0.993137,0.857843,0.852941,0.790196,0.835294,0.481373,0.522549,0.606863,0.777451,0.698039,0.641176,0.766667,fear
Cluster 8: 0.144118,0.496078,0.27451,0.639216,0.216667,0.896078,0.458824,0.160784,0.873529,0.362745,0.333333,0.821569,0.771569,0.784314,0.595098,0.640196,0.719608,0.706863,0.706863,0.482353,0.531373,0.716667,0.607843,0.613725,0.665686,0.805882,0.743137,0.862745,0.733333,0.884314,0.211765,0.255882,0.8,0.820588,0.781373,0.698039,0.728431,0.141176,0.671569,0.721569,0.620588,0.151961,0.12549,0.667647,0.510784,0.503922,0.601961,0.65098,0.47451,0.167647,0.751961,0.132353,0.140196,0.826471,0.811765,0.834314,0.769608,0.138235,0.803922,0.904902,0.947059,0.852941,0.159804,0.201961,0.336275,0.308824,0.585294,0.594118,0.114706,0.221569,0.176471,0.252941,0.303922,0.657843,0.651961,0.595098,0.829412,0.57451,0.663725,0.246078,happy
Cluster 9: 0.027451,0.026471,0.027451,0.048039,0.027451,0.498039,0.035294,0.027451,0.543137,0.027451,0.030392,0.661765,0.659804,0.664706,0.122549,0.630392,0.605882,0.52451,0.059804,0.312745,0.590196,0.578431,0.313725,0.436275,0.70098,0.65098,0.368627,0.67451,0.667647,0.717647,0.688235,0.676471,0.67451,0.686275,0.717647,0.631373,0.570588,0.583333,0.7,0.586275,0.633333,0.687255,0.918627,0.691176,0.659804,0.677451,0.685294,0.645098,0.65098,0.921569,0.585294,0.017647,0.176471,0.55098,0.602941,0.581373,0.580392,0.810784,0.568627,0.616667,0.616667,0.589216,0.256863,0.819608,0.45,0.502941,0.486275,0.493137,0.023529,0.020588,0.527451,0.794118,0.730392,0.790196,0.479412,0.435294,0.487255,0.427451,0.426471,0.359804,neutral

Missing values globally replaced with mean/mode

Final cluster centroids:
                         Cluster#
Attribute    Full Data          0          1          2          3          4          5          6          7          8          9
             (35887.0)   (3237.0)   (2920.0)   (3748.0)   (3295.0)   (3374.0)   (4596.0)   (4256.0)   (3508.0)   (3151.0)   (3802.0)
====================================================================================================================================
pixel1          0.4398     0.2092     0.7469     0.2765      0.302     0.4499     0.2125     0.4612     0.7069     0.6749     0.4809
pixel4          0.4255      0.232     0.5911     0.3557     0.3537     0.3905     0.2634     0.4758     0.6387     0.5606     0.4566
pixel22         0.4361     0.2152      0.767     0.2496     0.5781     0.5379     0.2114     0.2744     0.7581     0.6852     0.2895
pixel23         0.4582     0.2212     0.8116     0.2681     0.5998     0.5612     0.2182     0.2847     0.8033      0.717     0.3132
pixel24         0.4531     0.2104     0.7801     0.2825     0.3045     0.4658     0.2109     0.4697     0.7305     0.6962     0.5109
pixel37         0.5661     0.3643     0.5673     0.6683     0.6152     0.4531     0.5168     0.5026      0.732     0.6441     0.6068
pixel47         0.4499     0.2166     0.8033     0.2526     0.6042     0.5564     0.2088     0.2747      0.796     0.7091     0.2963
pixel48         0.4461     0.2077     0.7683     0.2726     0.2973     0.4557     0.2041     0.4705     0.7234     0.6817     0.5075
pixel59         0.5961     0.3795     0.5884      0.726       0.62      0.449     0.5588      0.542     0.7591     0.6755     0.6578
pixel71         0.4427     0.2151     0.7878     0.2446     0.6031     0.5471     0.2046     0.2745      0.785     0.6894     0.2911
pixel119        0.4334     0.2182     0.7572     0.2419     0.5945      0.528     0.2029     0.2811     0.7608     0.6331     0.3142
pixel131        0.6235     0.3858     0.6133      0.779     0.6429     0.4359     0.6087     0.5498     0.7861     0.7007     0.7165
pixel155         0.612     0.3678      0.607     0.7735     0.6324     0.4106     0.5966     0.5329     0.7788     0.6918     0.7124
pixel156        0.6115     0.3675     0.6076     0.7712     0.6408     0.4191     0.5962     0.5227      0.781     0.6911     0.7059
pixel173         0.486     0.2679     0.5222     0.5681     0.4521     0.3302     0.3986     0.5042     0.6757      0.568     0.5731
pixel179        0.5936     0.3404     0.5941     0.7557     0.6108     0.3876      0.569     0.5163     0.7699      0.676     0.7018
pixel180        0.5935     0.3445     0.5969     0.7553     0.6261     0.3937     0.5671     0.5013     0.7738     0.6768     0.6924
pixel181        0.5571     0.3252     0.5632        0.7     0.5999     0.3825     0.5206     0.4656     0.7392      0.633     0.6426
pixel192        0.4493     0.2152     0.7315     0.2829     0.3219     0.4303     0.2072     0.5081      0.728     0.5886     0.5774
pixel200        0.4535     0.2665     0.4701     0.5356     0.4545     0.3129     0.4021     0.4385      0.606     0.5149     0.5298
pixel203        0.5871     0.3338     0.5889     0.7418     0.6001     0.3867     0.5529     0.5244     0.7647     0.6677     0.6968
pixel204        0.5892     0.3418     0.5935     0.7428     0.6287     0.3963     0.5545     0.5021     0.7715     0.6687     0.6875
pixel220        0.4973       0.27     0.5474     0.5687     0.4367     0.3476     0.3861     0.5383     0.6941     0.5724     0.6118
pixel225        0.4917     0.2877      0.492     0.6086     0.4836     0.3366     0.4384     0.4707     0.6447     0.5592      0.585
pixel227        0.6038     0.3644     0.5982     0.7456     0.6144     0.4134     0.5664     0.5562     0.7712     0.6803     0.7132
pixel228        0.6081     0.3754     0.6052     0.7467     0.6539     0.4289     0.5733     0.5291     0.7802     0.6814     0.7022
pixel244        0.5315     0.2922     0.5702     0.6283     0.4674     0.3699     0.4274     0.5675     0.7258     0.6047     0.6548
pixel252        0.6315     0.4125      0.624      0.756     0.6812     0.4654      0.601     0.5615     0.7891     0.6995     0.7186
pixel292        0.5782     0.3243     0.6172      0.696     0.5172     0.4044     0.4845     0.6037     0.7685     0.6476     0.7066
pixel294        0.6244     0.3731     0.6139     0.7745     0.5961     0.4209     0.5859     0.6205     0.7871     0.7027     0.7391
pixel307        0.5814     0.3579      0.628     0.6653     0.6963     0.4829     0.5241     0.4554     0.7615     0.6094     0.6617
pixel312        0.4736     0.2171      0.761     0.3104     0.3603     0.4518     0.2149     0.5432     0.7648     0.5413     0.6599
pixel317         0.609     0.3482     0.6156     0.7534     0.5714     0.4102     0.5504      0.618     0.7852     0.6803     0.7314
pixel320        0.6211     0.3797     0.6009      0.772     0.6036     0.4145     0.5896     0.6054     0.7857     0.6901     0.7386
pixel343        0.6128     0.3618     0.5926     0.7696     0.5982     0.3927      0.579      0.601     0.7859      0.678     0.7358
pixel344        0.5957     0.3532     0.5746     0.7478     0.5794     0.3851     0.5583      0.582     0.7677     0.6572     0.7207
pixel351        0.5901     0.3755     0.5797      0.721     0.6618     0.4307     0.5669     0.4898     0.7529     0.6331     0.6859
pixel356        0.5233     0.2941     0.6454     0.5351     0.6726     0.4728     0.4106     0.3985     0.7418     0.5269        0.6
pixel367        0.5847     0.3339     0.5645     0.7412     0.5703     0.3653      0.542     0.5755     0.7649     0.6418     0.7152
pixel368        0.5741     0.3327     0.5519     0.7277     0.5569     0.3649     0.5288     0.5611     0.7528     0.6338     0.7009
pixel376        0.5804     0.3575     0.5661      0.718     0.6596     0.4165      0.552     0.4764      0.752     0.6119     0.6887
pixel383        0.4663     0.2302     0.7663     0.2706     0.6653     0.5216     0.2325     0.3541     0.7821     0.4426      0.545
pixel384        0.4711     0.2035     0.7907     0.2795     0.3612     0.4614     0.1932      0.551     0.7813     0.4826     0.6968
pixel391        0.5596     0.3122     0.5374     0.7157      0.539     0.3457     0.5088     0.5547     0.7432     0.6111     0.6955
pixel400        0.5587     0.3418      0.545     0.6926     0.6458     0.3994     0.5222     0.4543     0.7331     0.5858     0.6656
pixel401        0.5551     0.3315     0.5617     0.6801     0.6502     0.4086     0.5073     0.4456     0.7382     0.5762     0.6586
pixel415        0.5359     0.2907     0.5206     0.6873     0.5137     0.3297      0.478     0.5317     0.7229     0.5833     0.6727
pixel416        0.5327     0.3009     0.5107     0.6825     0.5137     0.3278     0.4811      0.525     0.7139     0.5778     0.6637
pixel424        0.5347     0.3225     0.5278     0.6604     0.6266     0.3832     0.4933     0.4301      0.713     0.5564     0.6362
pixel432        0.4676      0.197     0.8037     0.2649     0.3645     0.4572     0.1858     0.5482     0.7796     0.4424     0.7219
pixel444        0.4986     0.2859     0.4641     0.6451     0.5399     0.3433     0.4864     0.4262     0.6409     0.5394     0.5939
pixel453        0.4572     0.2228     0.7115     0.3224     0.6692     0.4727     0.2591     0.3449     0.7542     0.3708     0.5593
pixel455        0.4576     0.2163     0.7812     0.2461     0.6713      0.514      0.215      0.349     0.7879     0.3692     0.5717
pixel466        0.4827     0.2639     0.4352     0.6318     0.4927     0.3195     0.4582     0.4466     0.6314     0.5301     0.5884
pixel467        0.4877     0.2713     0.4319     0.6418     0.5144     0.3292     0.4753     0.4316     0.6289     0.5329       0.59
pixel468        0.4883     0.2777     0.4342     0.6365     0.5359     0.3363      0.481     0.4136     0.6287     0.5319     0.5836
pixel469        0.4854      0.281     0.4385     0.6204      0.554     0.3442     0.4759      0.397      0.629     0.5234     0.5745
pixel481        0.4548     0.1929     0.7737       0.27     0.3584     0.4267     0.1836     0.5471     0.7624     0.3828     0.7241
pixel490        0.4938     0.2693     0.4454     0.6456     0.5041     0.3242     0.4706     0.4541     0.6443     0.5466     0.6034
pixel491        0.4945     0.2732     0.4408     0.6492     0.5237     0.3308     0.4796      0.436     0.6419      0.542     0.6002
pixel492        0.4942     0.2762     0.4439     0.6438     0.5432     0.3379     0.4834     0.4169     0.6398     0.5375     0.5969
pixel493        0.4932     0.2814     0.4493     0.6303     0.5605     0.3474     0.4811      0.402     0.6386     0.5338     0.5919
pixel503        0.4538     0.2113     0.7749     0.2468     0.6766     0.5062     0.2144      0.353     0.7789     0.3305     0.5827
pixel504        0.4608     0.1996     0.7824     0.2697     0.3745     0.4395       0.19     0.5462     0.7631     0.3898     0.7295
pixel515        0.5061     0.2769      0.463     0.6592     0.5361     0.3309     0.4874     0.4468     0.6598     0.5561     0.6187
pixel522        0.4636     0.2372     0.5704     0.4746     0.6408     0.3911     0.3419     0.3523     0.7078     0.4034     0.5701
pixel535        0.4805     0.2296     0.5216     0.5944     0.4523     0.3118     0.3747     0.4906     0.6994     0.4964     0.6255
pixel544        0.4827     0.2528      0.518     0.5698     0.6209     0.3672     0.4104     0.3634     0.6952     0.4702     0.5834
pixel547        0.4378     0.2168     0.6031     0.3666      0.643     0.4064     0.2826     0.3423     0.7044     0.3378     0.5508
pixel550        0.4411     0.2132     0.7195     0.2626     0.6684     0.4694     0.2272      0.349     0.7447     0.2971     0.5758
pixel551        0.4482     0.2171     0.7387     0.2594     0.6654      0.485     0.2256     0.3578     0.7554     0.3143     0.5848
pixel552        0.4592     0.2082     0.7499     0.2927     0.3904     0.4272     0.2136     0.5422     0.7376     0.3813     0.7134
pixel554        0.4431        0.2     0.6947      0.308     0.3772     0.3923     0.2126     0.5308     0.7133     0.3615     0.6913
pixel558        0.4504     0.2096     0.5413     0.4933     0.4207     0.3162     0.3055     0.4893     0.6868     0.4327     0.6164
pixel559        0.4633     0.2178     0.5196     0.5543     0.4384     0.3056     0.3424     0.4823     0.6909     0.4651     0.6148
pixel560        0.4781     0.2305     0.5069     0.6008     0.4581     0.3059     0.3837     0.4761     0.6925     0.4958     0.6194
pixel563        0.5012     0.2563     0.4833     0.6633     0.5347     0.3211     0.4607     0.4372     0.6822     0.5327     0.6223
pixel566        0.4941     0.2614     0.4973     0.6253     0.5905     0.3452     0.4463     0.3877     0.6872     0.5057     0.5986
pixel567        0.4816     0.2502     0.5046     0.5829     0.6038     0.3548     0.4162     0.3688     0.6902     0.4752     0.5855
pixel569        0.4505     0.2262     0.5327     0.4684     0.6184     0.3731     0.3432     0.3469      0.689     0.3978     0.5533
emotion          happy        sad      happy      happy      happy      happy      happy        sad       fear      happy    neutral


Clusterer Built in 16.809337854385376 secs.

Clustering data.
Cluster results

kMeans
======

Number of iterations: 141
Within cluster sum of squared errors: 123226.34039906759

Initial starting points (random):

Cluster 0: 0.523529,0.62451,0.331373,0.310784,0.581373,0.64902,0.338235,0.558824,0.578431,0.344118,0.155882,0.410784,0.337255,0.37451,0.332353,0.344118,0.258824,0.25,0.368627,0.773529,0.317647,0.384314,0.410784,0.694118,0.341176,0.383333,0.436275,0.458824,0.385294,0.469608,0.454902,0.072549,0.541176,0.559804,0.364706,0.456863,0.509804,0.167647,0.436275,0.487255,0.485294,0.142157,0.037255,0.455882,0.452941,0.541176,0.260784,0.316667,0.478431,0.073529,0.219608,0.217647,0.093137,0.301961,0.391176,0.352941,0.312745,0.037255,0.378431,0.464706,0.532353,0.585294,0.159804,0.348039,0.555882,0.442157,0.382353,0.569608,0.456863,0.245098,0.305882,0.384314,0.284314,0.185294,0.277451,0.432353,0.54902,0.568627,0.584314,0.594118,sad
Cluster 1: 0.997059,0.455882,1,1,1,0.468627,1,1,0.568627,1,1,0.578431,0.593137,0.576471,0.567647,0.588235,0.578431,0.558824,0.815686,0.326471,0.546078,0.57451,0.604902,0.226471,0.598039,0.634314,0.638235,0.632353,0.665686,0.548039,0.763725,0.996078,0.568627,0.492157,0.545098,0.57451,0.438235,0.731373,0.608824,0.62451,0.458824,1,0.942157,0.586275,0.653922,0.548039,0.393137,0.669608,0.42451,0.983333,0.563725,0.998039,1,0.507843,0.520588,0.590196,0.709804,0.99902,0.530392,0.546078,0.601961,0.683333,1,1,0.567647,0.995098,0.567647,0.719608,0.996078,1,1,0.998039,0.633333,0.535294,0.453922,0.461765,0.510784,0.663725,0.693137,0.930392,happy
Cluster 2: 0.086275,0.286275,0.190196,0.236275,0.126471,0.794118,0.163725,0.098039,0.80098,0.221569,0.198039,0.831373,0.754902,0.784314,0.361765,0.688235,0.747059,0.756863,0.07549,0.562745,0.616667,0.752941,0.667647,0.528431,0.64902,0.777451,0.759804,0.794118,0.806863,0.831373,0.372549,0.372549,0.705882,0.690196,0.685294,0.672549,0.7,0.521569,0.721569,0.678431,0.814706,0.235294,0.352941,0.686275,0.761765,0.822549,0.562745,0.680392,0.597059,0.333333,0.565686,0.083333,0.201961,0.866667,0.703922,0.580392,0.408824,0.473529,0.95,0.927451,0.723529,0.495098,0.243137,0.561765,0.729412,0.17451,0.517647,0.423529,0.137255,0.181373,0.229412,0.605882,0.413725,0.732353,0.729412,0.627451,0.360784,0.357843,0.329412,0.036275,happy
Cluster 3: 0.146078,0.596078,0.996078,0.996078,0.090196,0.804902,0.996078,0.077451,0.84902,0.996078,0.996078,0.870588,0.819608,0.817647,0.544118,0.77451,0.759804,0.698039,0.355882,0.552941,0.745098,0.780392,0.669608,0.426471,0.72451,0.835294,0.641176,0.829412,0.681373,0.540196,0.821569,0.335294,0.684314,0.777451,0.783333,0.82549,0.716667,0.809804,0.752941,0.789216,0.797059,0.996078,0.388235,0.714706,0.780392,0.757843,0.648039,0.679412,0.570588,0.25098,0.593137,0.929412,0.982353,0.655882,0.532353,0.452941,0.510784,0.021569,0.635294,0.621569,0.6,0.557843,0.932353,0.159804,0.613725,0.805882,0.42549,0.742157,0.760784,0.942157,0.969608,0.154902,0.02549,0.010784,0.183333,0.605882,0.547059,0.620588,0.616667,0.677451,happy
Cluster 4: 0.634314,0.648039,0.446078,0.480392,0.603922,0.00098,0.465686,0.602941,0.240196,0.479412,0.54902,0.353922,0.407843,0.483333,0.037255,0.415686,0.456863,0.514706,0.595098,0.211765,0.20098,0.305882,0.165686,0.222549,0.09902,0.282353,0.106863,0.208824,0.07549,0.230392,0.445098,0.603922,0.243137,0.422549,0.321569,0.419608,0.507843,0.391176,0.395098,0.380392,0.457843,0.477451,0.57451,0.328431,0.454902,0.448039,0.065686,0.233333,0.47451,0.558824,0.442157,0.280392,0.484314,0.42549,0.413725,0.445098,0.452941,0.003922,0.413725,0.440196,0.445098,0.476471,0.484314,0.00098,0.440196,0.112745,0.433333,0.363725,0.094118,0.001961,0.012745,0,0.001961,0.164706,0.228431,0.207843,0.528431,0.891176,0.748039,0.07549,disgust
Cluster 5: 0.131373,0.104902,0.222549,0.220588,0.096078,0.680392,0.228431,0.096078,0.580392,0.212745,0.077451,0.796078,0.779412,0.751961,0.34902,0.57549,0.576471,0.508824,0.355882,0.339216,0.451961,0.533333,0.326471,0.437255,0.478431,0.618627,0.445098,0.548039,0.563725,0.62451,0.538235,0.216667,0.692157,0.52451,0.494118,0.513725,0.493137,0.49902,0.462745,0.419608,0.489216,0.206863,0.227451,0.263725,0.470588,0.462745,0.411765,0.428431,0.243137,0.176471,0.485294,0.348039,0.191176,0.931373,0.922549,0.932353,0.882353,0.17549,0.748039,0.858824,0.828431,0.654902,0.188235,0.228431,0.757843,0.381373,0.478431,0.4,0.335294,0.117647,0.134314,0.228431,0.126471,0.332353,0.514706,0.479412,0.255882,0.370588,0.435294,0.212745,happy
Cluster 6: 0.881373,0.496078,0.262745,0.596078,0.892157,0.87549,0.381373,0.898039,0.854902,0.29902,0.216667,0.861765,0.782353,0.807843,0.422549,0.745098,0.747059,0.526471,0.937255,0.52451,0.853922,0.810784,0.260784,0.421569,0.856863,0.816667,0.403922,0.789216,0.527451,0.810784,0.741176,0.962745,0.548039,0.798039,0.741176,0.734314,0.551961,0.585294,0.646078,0.654902,0.551961,0.681373,0.972549,0.578431,0.693137,0.589216,0.619608,0.393137,0.402941,0.980392,0.428431,0.237255,0.05,0.435294,0.597059,0.714706,0.695098,0.982353,0.316667,0.333333,0.391176,0.403922,0.202941,0.980392,0.506863,0.438235,0.289216,0.380392,0.156863,0.234314,0.183333,0.980392,0.981373,0.980392,0.67451,0.160784,0.365686,0.351961,0.310784,0.17451,sad
Cluster 7: 0.887255,0.922549,0.784314,0.80098,0.885294,0.965686,0.811765,0.877451,0.964706,0.811765,0.814706,0.732353,0.711765,0.723529,0.573529,0.671569,0.691176,0.684314,0.495098,0.454902,0.62451,0.703922,0.520588,0.548039,0.65098,0.743137,0.668627,0.784314,0.720588,0.806863,0.710784,0.765686,0.768627,0.709804,0.636275,0.644118,0.685294,0.740196,0.62549,0.673529,0.703922,0.84902,0.758824,0.638235,0.683333,0.681373,0.643137,0.595098,0.653922,0.768627,0.571569,0.740196,0.876471,0.652941,0.622549,0.6,0.65,0.873529,0.613725,0.65098,0.635294,0.589216,0.868627,0.790196,0.619608,0.954902,0.592157,0.616667,0.993137,0.857843,0.852941,0.790196,0.835294,0.481373,0.522549,0.606863,0.777451,0.698039,0.641176,0.766667,fear
Cluster 8: 0.144118,0.496078,0.27451,0.639216,0.216667,0.896078,0.458824,0.160784,0.873529,0.362745,0.333333,0.821569,0.771569,0.784314,0.595098,0.640196,0.719608,0.706863,0.706863,0.482353,0.531373,0.716667,0.607843,0.613725,0.665686,0.805882,0.743137,0.862745,0.733333,0.884314,0.211765,0.255882,0.8,0.820588,0.781373,0.698039,0.728431,0.141176,0.671569,0.721569,0.620588,0.151961,0.12549,0.667647,0.510784,0.503922,0.601961,0.65098,0.47451,0.167647,0.751961,0.132353,0.140196,0.826471,0.811765,0.834314,0.769608,0.138235,0.803922,0.904902,0.947059,0.852941,0.159804,0.201961,0.336275,0.308824,0.585294,0.594118,0.114706,0.221569,0.176471,0.252941,0.303922,0.657843,0.651961,0.595098,0.829412,0.57451,0.663725,0.246078,happy
Cluster 9: 0.027451,0.026471,0.027451,0.048039,0.027451,0.498039,0.035294,0.027451,0.543137,0.027451,0.030392,0.661765,0.659804,0.664706,0.122549,0.630392,0.605882,0.52451,0.059804,0.312745,0.590196,0.578431,0.313725,0.436275,0.70098,0.65098,0.368627,0.67451,0.667647,0.717647,0.688235,0.676471,0.67451,0.686275,0.717647,0.631373,0.570588,0.583333,0.7,0.586275,0.633333,0.687255,0.918627,0.691176,0.659804,0.677451,0.685294,0.645098,0.65098,0.921569,0.585294,0.017647,0.176471,0.55098,0.602941,0.581373,0.580392,0.810784,0.568627,0.616667,0.616667,0.589216,0.256863,0.819608,0.45,0.502941,0.486275,0.493137,0.023529,0.020588,0.527451,0.794118,0.730392,0.790196,0.479412,0.435294,0.487255,0.427451,0.426471,0.359804,neutral

Missing values globally replaced with mean/mode

Final cluster centroids:
                         Cluster#
Attribute    Full Data          0          1          2          3          4          5          6          7          8          9
             (35887.0)   (3237.0)   (2920.0)   (3748.0)   (3295.0)   (3374.0)   (4596.0)   (4256.0)   (3508.0)   (3151.0)   (3802.0)
====================================================================================================================================
pixel1          0.4398     0.2092     0.7469     0.2765      0.302     0.4499     0.2125     0.4612     0.7069     0.6749     0.4809
pixel4          0.4255      0.232     0.5911     0.3557     0.3537     0.3905     0.2634     0.4758     0.6387     0.5606     0.4566
pixel22         0.4361     0.2152      0.767     0.2496     0.5781     0.5379     0.2114     0.2744     0.7581     0.6852     0.2895
pixel23         0.4582     0.2212     0.8116     0.2681     0.5998     0.5612     0.2182     0.2847     0.8033      0.717     0.3132
pixel24         0.4531     0.2104     0.7801     0.2825     0.3045     0.4658     0.2109     0.4697     0.7305     0.6962     0.5109
pixel37         0.5661     0.3643     0.5673     0.6683     0.6152     0.4531     0.5168     0.5026      0.732     0.6441     0.6068
pixel47         0.4499     0.2166     0.8033     0.2526     0.6042     0.5564     0.2088     0.2747      0.796     0.7091     0.2963
pixel48         0.4461     0.2077     0.7683     0.2726     0.2973     0.4557     0.2041     0.4705     0.7234     0.6817     0.5075
pixel59         0.5961     0.3795     0.5884      0.726       0.62      0.449     0.5588      0.542     0.7591     0.6755     0.6578
pixel71         0.4427     0.2151     0.7878     0.2446     0.6031     0.5471     0.2046     0.2745      0.785     0.6894     0.2911
pixel119        0.4334     0.2182     0.7572     0.2419     0.5945      0.528     0.2029     0.2811     0.7608     0.6331     0.3142
pixel131        0.6235     0.3858     0.6133      0.779     0.6429     0.4359     0.6087     0.5498     0.7861     0.7007     0.7165
pixel155         0.612     0.3678      0.607     0.7735     0.6324     0.4106     0.5966     0.5329     0.7788     0.6918     0.7124
pixel156        0.6115     0.3675     0.6076     0.7712     0.6408     0.4191     0.5962     0.5227      0.781     0.6911     0.7059
pixel173         0.486     0.2679     0.5222     0.5681     0.4521     0.3302     0.3986     0.5042     0.6757      0.568     0.5731
pixel179        0.5936     0.3404     0.5941     0.7557     0.6108     0.3876      0.569     0.5163     0.7699      0.676     0.7018
pixel180        0.5935     0.3445     0.5969     0.7553     0.6261     0.3937     0.5671     0.5013     0.7738     0.6768     0.6924
pixel181        0.5571     0.3252     0.5632        0.7     0.5999     0.3825     0.5206     0.4656     0.7392      0.633     0.6426
pixel192        0.4493     0.2152     0.7315     0.2829     0.3219     0.4303     0.2072     0.5081      0.728     0.5886     0.5774
pixel200        0.4535     0.2665     0.4701     0.5356     0.4545     0.3129     0.4021     0.4385      0.606     0.5149     0.5298
pixel203        0.5871     0.3338     0.5889     0.7418     0.6001     0.3867     0.5529     0.5244     0.7647     0.6677     0.6968
pixel204        0.5892     0.3418     0.5935     0.7428     0.6287     0.3963     0.5545     0.5021     0.7715     0.6687     0.6875
pixel220        0.4973       0.27     0.5474     0.5687     0.4367     0.3476     0.3861     0.5383     0.6941     0.5724     0.6118
pixel225        0.4917     0.2877      0.492     0.6086     0.4836     0.3366     0.4384     0.4707     0.6447     0.5592      0.585
pixel227        0.6038     0.3644     0.5982     0.7456     0.6144     0.4134     0.5664     0.5562     0.7712     0.6803     0.7132
pixel228        0.6081     0.3754     0.6052     0.7467     0.6539     0.4289     0.5733     0.5291     0.7802     0.6814     0.7022
pixel244        0.5315     0.2922     0.5702     0.6283     0.4674     0.3699     0.4274     0.5675     0.7258     0.6047     0.6548
pixel252        0.6315     0.4125      0.624      0.756     0.6812     0.4654      0.601     0.5615     0.7891     0.6995     0.7186
pixel292        0.5782     0.3243     0.6172      0.696     0.5172     0.4044     0.4845     0.6037     0.7685     0.6476     0.7066
pixel294        0.6244     0.3731     0.6139     0.7745     0.5961     0.4209     0.5859     0.6205     0.7871     0.7027     0.7391
pixel307        0.5814     0.3579      0.628     0.6653     0.6963     0.4829     0.5241     0.4554     0.7615     0.6094     0.6617
pixel312        0.4736     0.2171      0.761     0.3104     0.3603     0.4518     0.2149     0.5432     0.7648     0.5413     0.6599
pixel317         0.609     0.3482     0.6156     0.7534     0.5714     0.4102     0.5504      0.618     0.7852     0.6803     0.7314
pixel320        0.6211     0.3797     0.6009      0.772     0.6036     0.4145     0.5896     0.6054     0.7857     0.6901     0.7386
pixel343        0.6128     0.3618     0.5926     0.7696     0.5982     0.3927      0.579      0.601     0.7859      0.678     0.7358
pixel344        0.5957     0.3532     0.5746     0.7478     0.5794     0.3851     0.5583      0.582     0.7677     0.6572     0.7207
pixel351        0.5901     0.3755     0.5797      0.721     0.6618     0.4307     0.5669     0.4898     0.7529     0.6331     0.6859
pixel356        0.5233     0.2941     0.6454     0.5351     0.6726     0.4728     0.4106     0.3985     0.7418     0.5269        0.6
pixel367        0.5847     0.3339     0.5645     0.7412     0.5703     0.3653      0.542     0.5755     0.7649     0.6418     0.7152
pixel368        0.5741     0.3327     0.5519     0.7277     0.5569     0.3649     0.5288     0.5611     0.7528     0.6338     0.7009
pixel376        0.5804     0.3575     0.5661      0.718     0.6596     0.4165      0.552     0.4764      0.752     0.6119     0.6887
pixel383        0.4663     0.2302     0.7663     0.2706     0.6653     0.5216     0.2325     0.3541     0.7821     0.4426      0.545
pixel384        0.4711     0.2035     0.7907     0.2795     0.3612     0.4614     0.1932      0.551     0.7813     0.4826     0.6968
pixel391        0.5596     0.3122     0.5374     0.7157      0.539     0.3457     0.5088     0.5547     0.7432     0.6111     0.6955
pixel400        0.5587     0.3418      0.545     0.6926     0.6458     0.3994     0.5222     0.4543     0.7331     0.5858     0.6656
pixel401        0.5551     0.3315     0.5617     0.6801     0.6502     0.4086     0.5073     0.4456     0.7382     0.5762     0.6586
pixel415        0.5359     0.2907     0.5206     0.6873     0.5137     0.3297      0.478     0.5317     0.7229     0.5833     0.6727
pixel416        0.5327     0.3009     0.5107     0.6825     0.5137     0.3278     0.4811      0.525     0.7139     0.5778     0.6637
pixel424        0.5347     0.3225     0.5278     0.6604     0.6266     0.3832     0.4933     0.4301      0.713     0.5564     0.6362
pixel432        0.4676      0.197     0.8037     0.2649     0.3645     0.4572     0.1858     0.5482     0.7796     0.4424     0.7219
pixel444        0.4986     0.2859     0.4641     0.6451     0.5399     0.3433     0.4864     0.4262     0.6409     0.5394     0.5939
pixel453        0.4572     0.2228     0.7115     0.3224     0.6692     0.4727     0.2591     0.3449     0.7542     0.3708     0.5593
pixel455        0.4576     0.2163     0.7812     0.2461     0.6713      0.514      0.215      0.349     0.7879     0.3692     0.5717
pixel466        0.4827     0.2639     0.4352     0.6318     0.4927     0.3195     0.4582     0.4466     0.6314     0.5301     0.5884
pixel467        0.4877     0.2713     0.4319     0.6418     0.5144     0.3292     0.4753     0.4316     0.6289     0.5329       0.59
pixel468        0.4883     0.2777     0.4342     0.6365     0.5359     0.3363      0.481     0.4136     0.6287     0.5319     0.5836
pixel469        0.4854      0.281     0.4385     0.6204      0.554     0.3442     0.4759      0.397      0.629     0.5234     0.5745
pixel481        0.4548     0.1929     0.7737       0.27     0.3584     0.4267     0.1836     0.5471     0.7624     0.3828     0.7241
pixel490        0.4938     0.2693     0.4454     0.6456     0.5041     0.3242     0.4706     0.4541     0.6443     0.5466     0.6034
pixel491        0.4945     0.2732     0.4408     0.6492     0.5237     0.3308     0.4796      0.436     0.6419      0.542     0.6002
pixel492        0.4942     0.2762     0.4439     0.6438     0.5432     0.3379     0.4834     0.4169     0.6398     0.5375     0.5969
pixel493        0.4932     0.2814     0.4493     0.6303     0.5605     0.3474     0.4811      0.402     0.6386     0.5338     0.5919
pixel503        0.4538     0.2113     0.7749     0.2468     0.6766     0.5062     0.2144      0.353     0.7789     0.3305     0.5827
pixel504        0.4608     0.1996     0.7824     0.2697     0.3745     0.4395       0.19     0.5462     0.7631     0.3898     0.7295
pixel515        0.5061     0.2769      0.463     0.6592     0.5361     0.3309     0.4874     0.4468     0.6598     0.5561     0.6187
pixel522        0.4636     0.2372     0.5704     0.4746     0.6408     0.3911     0.3419     0.3523     0.7078     0.4034     0.5701
pixel535        0.4805     0.2296     0.5216     0.5944     0.4523     0.3118     0.3747     0.4906     0.6994     0.4964     0.6255
pixel544        0.4827     0.2528      0.518     0.5698     0.6209     0.3672     0.4104     0.3634     0.6952     0.4702     0.5834
pixel547        0.4378     0.2168     0.6031     0.3666      0.643     0.4064     0.2826     0.3423     0.7044     0.3378     0.5508
pixel550        0.4411     0.2132     0.7195     0.2626     0.6684     0.4694     0.2272      0.349     0.7447     0.2971     0.5758
pixel551        0.4482     0.2171     0.7387     0.2594     0.6654      0.485     0.2256     0.3578     0.7554     0.3143     0.5848
pixel552        0.4592     0.2082     0.7499     0.2927     0.3904     0.4272     0.2136     0.5422     0.7376     0.3813     0.7134
pixel554        0.4431        0.2     0.6947      0.308     0.3772     0.3923     0.2126     0.5308     0.7133     0.3615     0.6913
pixel558        0.4504     0.2096     0.5413     0.4933     0.4207     0.3162     0.3055     0.4893     0.6868     0.4327     0.6164
pixel559        0.4633     0.2178     0.5196     0.5543     0.4384     0.3056     0.3424     0.4823     0.6909     0.4651     0.6148
pixel560        0.4781     0.2305     0.5069     0.6008     0.4581     0.3059     0.3837     0.4761     0.6925     0.4958     0.6194
pixel563        0.5012     0.2563     0.4833     0.6633     0.5347     0.3211     0.4607     0.4372     0.6822     0.5327     0.6223
pixel566        0.4941     0.2614     0.4973     0.6253     0.5905     0.3452     0.4463     0.3877     0.6872     0.5057     0.5986
pixel567        0.4816     0.2502     0.5046     0.5829     0.6038     0.3548     0.4162     0.3688     0.6902     0.4752     0.5855
pixel569        0.4505     0.2262     0.5327     0.4684     0.6184     0.3731     0.3432     0.3469      0.689     0.3978     0.5533
emotion          happy        sad      happy      happy      happy      happy      happy        sad       fear      happy    neutral


Clustered Instances

 0       3858 ( 11%)
 1       2441 (  7%)
 2        532 (  1%)
 3       3380 (  9%)
 4       5839 ( 16%)
 5       2342 (  7%)
 6       4104 ( 11%)
 7       4671 ( 13%)
 8       4864 ( 14%)
 9       3856 ( 11%)


Class attribute: emotion
Classes to Clusters:

    0    1    2    3    4    5    6    7    8    9  <-- assigned to cluster
  646  338   64  394  911  310  572  485  778  455 | angry
   42   33    8   76   84   26   71   86   61   60 | disgust
  425  496   74  450  678  273  540  803  762  620 | fear
  745  523  129 1132 1671  648 1008 1094 1159  880 | happy
  819  346  137  582 1025  478  761  596  638  816 | neutral
 1039  370   63  494 1189  435  798  496  721  472 | sad
  142  335   57  252  281  172  354 1111  745  553 | suprise

Cluster  0 <-- sad
Cluster  1 <-- No class
Cluster  2 <-- No class
Cluster  3 <-- disgust
Cluster  4 <-- happy
Cluster  5 <-- No class
Cluster  6 <-- neutral
Cluster  7 <-- suprise
Cluster  8 <-- angry
Cluster  9 <-- fear

Incorrectly clustered instances :	29831.0	 83.1248 %

Classes to clusters
[ 5 -1 -1  1  3 -1  4  6  0  2]
Clustered data in 0.32141780853271484 secs.
