
kMeans
======

Number of iterations: 24
Within cluster sum of squared errors: 959084.2670206067

Initial starting points (random):

Cluster 0: 0.436275,0.523529,0.552941,0.571569,0.62451,0.690196,0.689216,0.647059,0.639216,0.670588,0.679412,0.719608,0.673529,0.673529,0.640196,0.582353,0.432353,0.213725,0.078431,0.156863,0.288235,0.257843,0.331373,0.310784,0.581373,0.552941,0.585294,0.622549,0.653922,0.691176,0.671569,0.709804,0.734314,0.734314,0.746078,0.707843,0.67549,0.64902,0.667647,0.585294,0.484314,0.253922,0.081373,0.147059,0.368627,0.369608,0.426471,0.338235,0.558824,0.585294,0.635294,0.722549,0.753922,0.745098,0.723529,0.728431,0.682353,0.67451,0.659804,0.578431,0.613725,0.703922,0.716667,0.656863,0.512745,0.312745,0.121569,0.166667,0.284314,0.160784,0.367647,0.344118,0.458824,0.588235,0.619608,0.595098,0.676471,0.670588,0.673529,0.691176,0.580392,0.559804,0.554902,0.638235,0.676471,0.628431,0.634314,0.626471,0.570588,0.366667,0.206863,0.143137,0.182353,0.130392,0.097059,0.212745,0.55098,0.578431,0.508824,0.47549,0.468627,0.547059,0.583333,0.559804,0.535294,0.555882,0.505882,0.537255,0.519608,0.545098,0.543137,0.444118,0.362745,0.488235,0.280392,0.192157,0.206863,0.188235,0.223529,0.155882,0.594118,0.652941,0.538235,0.607843,0.50098,0.505882,0.561765,0.52451,0.491176,0.539216,0.486275,0.410784,0.417647,0.47451,0.468627,0.438235,0.428431,0.503922,0.364706,0.248039,0.160784,0.247059,0.35,0.137255,0.492157,0.578431,0.596078,0.45098,0.371569,0.437255,0.47549,0.507843,0.47549,0.42451,0.34902,0.337255,0.37451,0.385294,0.359804,0.318627,0.368627,0.487255,0.503922,0.311765,0.136275,0.42451,0.34902,0.310784,0.365686,0.487255,0.476471,0.433333,0.396078,0.332353,0.32451,0.340196,0.615686,0.338235,0.306863,0.344118,0.258824,0.25,0.237255,0.256863,0.346078,0.538235,0.605882,0.373529,0.256863,0.429412,0.228431,0.361765,0.368627,0.417647,0.419608,0.378431,0.285294,0.298039,0.328431,0.35098,0.773529,0.65,0.292157,0.317647,0.384314,0.480392,0.447059,0.342157,0.419608,0.523529,0.561765,0.437255,0.207843,0.387255,0.172549,0.280392,0.356863,0.320588,0.126471,0.222549,0.410784,0.429412,0.298039,0.427451,0.752941,0.694118,0.551961,0.341176,0.383333,0.35098,0.326471,0.37549,0.512745,0.561765,0.518627,0.462745,0.186275,0.369608,0.330392,0.222549,0.30098,0.32549,0.279412,0.390196,0.436275,0.336275,0.372549,0.384314,0.697059,0.681373,0.593137,0.418627,0.458824,0.444118,0.44902,0.514706,0.612745,0.631373,0.516667,0.444118,0.213725,0.356863,0.289216,0.254902,0.360784,0.392157,0.381373,0.332353,0.304902,0.35098,0.452941,0.413725,0.641176,0.723529,0.639216,0.445098,0.45,0.519608,0.530392,0.568627,0.603922,0.577451,0.493137,0.441176,0.239216,0.327451,0.184314,0.205882,0.352941,0.39902,0.361765,0.371569,0.385294,0.44902,0.469608,0.414706,0.627451,0.695098,0.645098,0.662745,0.418627,0.473529,0.571569,0.609804,0.601961,0.558824,0.478431,0.454902,0.188235,0.330392,0.273529,0.214706,0.072549,0.373529,0.414706,0.421569,0.485294,0.541176,0.522549,0.510784,0.559804,0.603922,0.565686,0.483333,0.493137,0.326471,0.477451,0.572549,0.618627,0.6,0.534314,0.480392,0.190196,0.147059,0.134314,0.251961,0.023529,0.12451,0.442157,0.487255,0.562745,0.608824,0.510784,0.364706,0.456863,0.584314,0.514706,0.39902,0.376471,0.442157,0.464706,0.509804,0.559804,0.611765,0.576471,0.497059,0.167647,0.166667,0.116667,0.141176,0.05098,0.026471,0.397059,0.513725,0.596078,0.591176,0.5,0.436275,0.487255,0.584314,0.601961,0.598039,0.540196,0.517647,0.432353,0.305882,0.485294,0.579412,0.612745,0.47549,0.147059,0.2,0.129412,0.142157,0.037255,0.016667,0.152941,0.528431,0.613725,0.546078,0.510784,0.455882,0.485294,0.50098,0.512745,0.513725,0.515686,0.556863,0.218627,0.160784,0.452941,0.541176,0.623529,0.395098,0.138235,0.196078,0.083333,0.219608,0.070588,0.017647,0.012745,0.339216,0.594118,0.573529,0.505882,0.260784,0.316667,0.512745,0.641176,0.673529,0.60098,0.343137,0.221569,0.2,0.478431,0.511765,0.597059,0.248039,0.171569,0.215686,0.080392,0.173529,0.073529,0.021569,0.022549,0.051961,0.487255,0.628431,0.502941,0.4,0.103922,0.230392,0.408824,0.255882,0.219608,0.251961,0.185294,0.348039,0.476471,0.507843,0.52549,0.196078,0.169608,0.217647,0.119608,0.093137,0.028431,0.028431,0.013725,0.015686,0.082353,0.529412,0.579412,0.465686,0.359804,0.202941,0.301961,0.391176,0.352941,0.312745,0.409804,0.498039,0.45098,0.548039,0.42549,0.291176,0.129412,0.145098,0.113725,0.153922,0.111765,0.037255,0.007843,0.015686,0.064706,0.164706,0.560784,0.517647,0.461765,0.408824,0.378431,0.464706,0.532353,0.585294,0.547059,0.463725,0.493137,0.54902,0.355882,0.295098,0.132353,0.173529,0.096078,0.159804,0.348039,0.132353,0.010784,0.036275,0.081373,0.135294,0.132353,0.532353,0.491176,0.453922,0.521569,0.555882,0.533333,0.473529,0.471569,0.493137,0.546078,0.538235,0.442157,0.447059,0.25098,0.195098,0.181373,0.183333,0.377451,0.393137,0.062745,0.098039,0.05098,0.151961,0.184314,0.382353,0.517647,0.49902,0.47549,0.469608,0.486275,0.526471,0.529412,0.556863,0.569608,0.589216,0.523529,0.456863,0.378431,0.27451,0.245098,0.305882,0.384314,0.369608,0.284314,0.211765,0.176471,0.209804,0.185294,0.277451,0.432353,0.532353,0.542157,0.54902,0.570588,0.570588,0.568627,0.584314,0.589216,0.594118,0.519608,0.463725,0.429412,0.364706,0.232353,0.379412
Cluster 1: 1,0.997059,0.82451,0.332353,0.455882,0.595098,0.547059,0.558824,0.522549,0.481373,0.455882,0.357843,0.27451,0.292157,0.297059,0.323529,0.27451,0.361765,0.473529,0.289216,0.770588,0.995098,1,1,1,0.997059,0.663725,0.444118,0.6,0.662745,0.616667,0.612745,0.608824,0.587255,0.59902,0.536275,0.447059,0.468627,0.506863,0.453922,0.460784,0.54902,0.535294,0.352941,0.438235,0.996078,1,1,1,0.997059,0.616667,0.548039,0.652941,0.67451,0.653922,0.646078,0.640196,0.584314,0.569608,0.568627,0.553922,0.565686,0.562745,0.554902,0.589216,0.640196,0.648039,0.529412,0.40098,0.994118,0.99902,1,1,0.998039,0.685294,0.630392,0.67549,0.67549,0.657843,0.645098,0.644118,0.609804,0.578431,0.569608,0.555882,0.569608,0.579412,0.585294,0.627451,0.648039,0.666667,0.62451,0.438235,0.910784,0.995098,1,1,0.998039,0.714706,0.652941,0.688235,0.669608,0.64902,0.639216,0.630392,0.59902,0.571569,0.571569,0.567647,0.564706,0.578431,0.606863,0.635294,0.636275,0.690196,0.679412,0.514706,0.883333,0.995098,1,0.99902,0.996078,0.684314,0.717647,0.697059,0.672549,0.65,0.645098,0.64902,0.598039,0.586275,0.578431,0.578431,0.580392,0.589216,0.619608,0.632353,0.641176,0.712745,0.705882,0.631373,0.969608,0.998039,1,0.996078,0.954902,0.692157,0.748039,0.707843,0.677451,0.628431,0.632353,0.656863,0.613725,0.601961,0.593137,0.576471,0.590196,0.607843,0.641176,0.65,0.653922,0.714706,0.736275,0.741176,1,1,1,0.920588,0.604902,0.67549,0.756863,0.688235,0.567647,0.532353,0.461765,0.438235,0.472549,0.55,0.588235,0.578431,0.558824,0.576471,0.595098,0.602941,0.618627,0.701961,0.763725,0.781373,0.998039,1,1,0.815686,0.632353,0.693137,0.762745,0.666667,0.503922,0.405882,0.362745,0.326471,0.379412,0.512745,0.546078,0.57451,0.571569,0.538235,0.492157,0.504902,0.57451,0.644118,0.781373,0.813725,0.997059,1,1,0.772549,0.662745,0.697059,0.743137,0.604902,0.513725,0.463725,0.346078,0.27451,0.226471,0.453922,0.598039,0.634314,0.531373,0.3,0.317647,0.473529,0.559804,0.67451,0.796078,0.698039,0.935294,0.996078,1,0.854902,0.502941,0.645098,0.719608,0.638235,0.592157,0.502941,0.401961,0.358824,0.409804,0.545098,0.595098,0.632353,0.378431,0.281373,0.35,0.484314,0.50098,0.604902,0.763725,0.732353,0.965686,0.997059,1,0.906863,0.537255,0.714706,0.681373,0.65098,0.638235,0.588235,0.538235,0.538235,0.571569,0.598039,0.601961,0.637255,0.580392,0.410784,0.428431,0.509804,0.606863,0.667647,0.77451,0.764706,0.986275,1,1,0.947059,0.702941,0.693137,0.681373,0.665686,0.643137,0.548039,0.553922,0.542157,0.585294,0.634314,0.617647,0.65,0.652941,0.517647,0.526471,0.587255,0.610784,0.689216,0.763725,0.616667,0.998039,1,1,0.996078,0.735294,0.697059,0.683333,0.663725,0.568627,0.457843,0.412745,0.492157,0.646078,0.659804,0.615686,0.659804,0.657843,0.562745,0.537255,0.576471,0.638235,0.696078,0.729412,0.690196,0.998039,1,1,0.998039,0.956863,0.843137,0.653922,0.597059,0.460784,0.39902,0.545098,0.57451,0.526471,0.566667,0.55098,0.678431,0.65098,0.556863,0.438235,0.50098,0.651961,0.720588,0.754902,0.731373,0.99902,1,1,0.95098,0.956863,0.872549,0.622549,0.530392,0.394118,0.570588,0.608824,0.62451,0.589216,0.535294,0.557843,0.65,0.635294,0.628431,0.578431,0.458824,0.569608,0.697059,0.743137,0.821569,0.992157,0.989216,1,0.942157,0.968627,0.846078,0.721569,0.458824,0.515686,0.52549,0.586275,0.597059,0.619608,0.583333,0.640196,0.638235,0.672549,0.711765,0.737255,0.653922,0.548039,0.711765,0.884314,0.947059,0.95098,0.933333,0.99902,0.936275,0.970588,0.863725,0.661765,0.430392,0.526471,0.527451,0.393137,0.669608,0.67549,0.644118,0.648039,0.677451,0.694118,0.529412,0.445098,0.42451,0.661765,0.712745,0.907843,0.943137,0.933333,0.95,0.99902,0.983333,0.937255,0.907843,0.516667,0.358824,0.431373,0.528431,0.55098,0.510784,0.532353,0.548039,0.556863,0.563725,0.551961,0.480392,0.552941,0.55098,0.660784,0.75098,0.993137,0.993137,0.998039,0.995098,1,1,0.998039,0.910784,0.566667,0.412745,0.415686,0.536275,0.592157,0.633333,0.571569,0.507843,0.520588,0.590196,0.709804,0.69902,0.617647,0.643137,0.698039,0.892157,0.998039,1,1,1,1,1,0.99902,0.841176,0.588235,0.45,0.385294,0.552941,0.560784,0.601961,0.545098,0.530392,0.546078,0.601961,0.683333,0.615686,0.666667,0.688235,0.779412,0.992157,0.998039,1,1,1,1,1,0.998039,0.715686,0.544118,0.480392,0.508824,0.565686,0.615686,0.57451,0.60098,0.570588,0.567647,0.60098,0.618627,0.630392,0.696078,0.712745,0.938235,0.995098,1,1,1,1,1,1,0.998039,0.640196,0.533333,0.52451,0.588235,0.561765,0.567647,0.591176,0.576471,0.569608,0.580392,0.62451,0.653922,0.694118,0.691176,0.719608,0.763725,0.712745,0.996078,1,1,1,1,0.998039,0.983333,0.633333,0.537255,0.558824,0.607843,0.535294,0.453922,0.461765,0.472549,0.517647,0.510784,0.588235,0.648039,0.663725,0.693137,0.692157,0.930392,0.428431,0.840196,0.997059,1,1,1

Missing values globally replaced with mean/mode

Final cluster centroids:
                       Cluster#
Attribute   Full Data         0         1
            (35887.0) (18450.0) (17437.0)
=========================================
pixel0         0.4623    0.3386    0.5931
pixel1         0.4398    0.3179    0.5687
pixel2         0.4239     0.306    0.5486
pixel3         0.4182    0.3055    0.5375
pixel4         0.4255    0.3159    0.5416
pixel5         0.4432    0.3347     0.558
pixel6          0.467    0.3611    0.5791
pixel7         0.4898    0.3866    0.5989
pixel8         0.5092    0.4086    0.6158
pixel9         0.5222    0.4239    0.6261
pixel10        0.5307    0.4343    0.6327
pixel11        0.5344    0.4386    0.6357
pixel12        0.5338    0.4372     0.636
pixel13        0.5289    0.4314    0.6322
pixel14        0.5197    0.4204    0.6247
pixel15        0.5052    0.4036    0.6126
pixel16        0.4851    0.3813    0.5948
pixel17        0.4611     0.354    0.5743
pixel18        0.4382     0.328    0.5548
pixel19        0.4216    0.3077    0.5422
pixel20        0.4146    0.2967    0.5393
pixel21        0.4207    0.2998    0.5487
pixel22        0.4361    0.3121    0.5673
pixel23        0.4582    0.3318    0.5919
pixel24        0.4531     0.328    0.5854
pixel25        0.4313    0.3087     0.561
pixel26        0.4184    0.3006     0.543
pixel27        0.4196    0.3063    0.5395
pixel28        0.4363    0.3254    0.5535
pixel29        0.4642     0.355    0.5797
pixel30        0.4941    0.3878    0.6066
pixel31        0.5217     0.418    0.6316
pixel32        0.5438    0.4439    0.6495
pixel33        0.5594    0.4618    0.6626
pixel34        0.5684     0.473    0.6694
pixel35        0.5728    0.4786    0.6725
pixel36        0.5718    0.4774    0.6718
pixel37        0.5661    0.4707     0.667
pixel38         0.556    0.4582    0.6595
pixel39        0.5393    0.4388    0.6456
pixel40        0.5165    0.4123    0.6267
pixel41        0.4889    0.3815    0.6026
pixel42        0.4582    0.3469    0.5759
pixel43        0.4316    0.3167    0.5533
pixel44        0.4157    0.2973    0.5411
pixel45        0.4144    0.2928    0.5431
pixel46        0.4276    0.3022    0.5602
pixel47        0.4499    0.3218    0.5853
pixel48        0.4461    0.3195    0.5801
pixel49        0.4248    0.3012    0.5555
pixel50        0.4144    0.2964    0.5393
pixel51        0.4228    0.3087    0.5435
pixel52        0.4491    0.3374    0.5673
pixel53        0.4837    0.3744    0.5993
pixel54        0.5154    0.4094    0.6276
pixel55         0.544    0.4424    0.6515
pixel56        0.5665    0.4697     0.669
pixel57         0.582    0.4881    0.6814
pixel58        0.5915    0.4993    0.6891
pixel59        0.5961    0.5046     0.693
pixel60        0.5956    0.5045    0.6921
pixel61        0.5895    0.4973     0.687
pixel62        0.5782     0.484    0.6779
pixel63         0.561    0.4634    0.6643
pixel64        0.5375    0.4359    0.6449
pixel65        0.5105    0.4045    0.6226
pixel66        0.4785     0.368    0.5954
pixel67        0.4447    0.3302    0.5658
pixel68         0.419    0.3006    0.5442
pixel69         0.411    0.2884    0.5407
pixel70        0.4206    0.2942    0.5544
pixel71        0.4427    0.3134    0.5796
pixel72        0.4409     0.312    0.5772
pixel73        0.4199    0.2954    0.5516
pixel74        0.4128    0.2944    0.5381
pixel75         0.428    0.3139    0.5486
pixel76        0.4619    0.3506    0.5797
pixel77        0.4985    0.3904    0.6129
pixel78        0.5295     0.427     0.638
pixel79        0.5574    0.4602    0.6603
pixel80        0.5792    0.4863    0.6776
pixel81        0.5954    0.5056    0.6905
pixel82        0.6061    0.5177    0.6996
pixel83        0.6111    0.5237    0.7036
pixel84        0.6101    0.5223     0.703
pixel85        0.6037     0.515    0.6975
pixel86        0.5912    0.5006    0.6869
pixel87        0.5732    0.4797    0.6721
pixel88        0.5507    0.4531     0.654
pixel89        0.5247    0.4225    0.6329
pixel90        0.4944    0.3862     0.609
pixel91        0.4581    0.3449    0.5779
pixel92        0.4248    0.3069    0.5496
pixel93          0.41    0.2873    0.5397
pixel94        0.4161    0.2884    0.5512
pixel95        0.4368    0.3057    0.5754
pixel96        0.4376    0.3068     0.576
pixel97         0.418    0.2918    0.5516
pixel98        0.4139    0.2945    0.5402
pixel99        0.4346    0.3203    0.5556
pixel100       0.4735     0.363    0.5903
pixel101       0.5087    0.4042    0.6192
pixel102       0.5376    0.4407    0.6401
pixel103       0.5628     0.471      0.66
pixel104       0.5852    0.4968    0.6787
pixel105       0.6032     0.517    0.6944
pixel106       0.6153    0.5309    0.7046
pixel107       0.6213    0.5374    0.7099
pixel108       0.6201    0.5361     0.709
pixel109       0.6119    0.5268     0.702
pixel110       0.5978    0.5115    0.6892
pixel111       0.5782    0.4892    0.6724
pixel112       0.5556    0.4628    0.6538
pixel113       0.5308    0.4332    0.6341
pixel114       0.5031    0.3991    0.6133
pixel115       0.4693    0.3579    0.5873
pixel116       0.4322    0.3152    0.5561
pixel117       0.4119    0.2888    0.5421
pixel118       0.4141    0.2851    0.5505
pixel119       0.4334    0.3006    0.5738
pixel120       0.4375    0.3041    0.5786
pixel121       0.4192    0.2909    0.5549
pixel122       0.4182     0.298    0.5454
pixel123       0.4432    0.3291    0.5639
pixel124       0.4805    0.3729    0.5942
pixel125       0.5098    0.4118    0.6135
pixel126       0.5325    0.4426    0.6276
pixel127       0.5537    0.4667    0.6457
pixel128        0.575    0.4908    0.6642
pixel129       0.5969    0.5138    0.6849
pixel130       0.6148    0.5326    0.7017
pixel131       0.6235    0.5419    0.7098
pixel132       0.6222    0.5406    0.7086
pixel133       0.6102    0.5277    0.6975
pixel134       0.5908    0.5074    0.6791
pixel135       0.5668    0.4827    0.6559
pixel136       0.5441    0.4581    0.6351
pixel137       0.5241    0.4329    0.6206
pixel138       0.5035    0.4049    0.6078
pixel139       0.4763    0.3682    0.5906
pixel140       0.4405    0.3247     0.563
pixel141       0.4163    0.2932    0.5466
pixel142       0.4149    0.2845    0.5529
pixel143       0.4323    0.2977    0.5747
pixel144       0.4399    0.3049    0.5826
pixel145       0.4235     0.294    0.5605
pixel146       0.4255    0.3046    0.5533
pixel147       0.4516    0.3393    0.5705
pixel148       0.4816    0.3783    0.5909
pixel149       0.4993    0.4066    0.5974
pixel150       0.5098    0.4242    0.6004
pixel151       0.5196    0.4376    0.6062
pixel152       0.5368    0.4561    0.6221
pixel153       0.5637    0.4819    0.6501
pixel154       0.5928    0.5115    0.6789
pixel155        0.612    0.5307    0.6979
pixel156       0.6115      0.53    0.6977
pixel157       0.5899    0.5075    0.6771
pixel158       0.5576    0.4747    0.6452
pixel159       0.5283    0.4466    0.6147
pixel160       0.5099    0.4275    0.5971
pixel161       0.5015    0.4141     0.594
pixel162       0.4937    0.3988    0.5942
pixel163       0.4782    0.3725      0.59
pixel164       0.4503    0.3354    0.5718
pixel165       0.4252    0.3023    0.5552
pixel166       0.4196    0.2886    0.5583
pixel167       0.4341     0.298     0.578
pixel168       0.4435    0.3077    0.5871
pixel169       0.4308    0.2999    0.5693
pixel170       0.4356    0.3134     0.565
pixel171       0.4601    0.3486    0.5781
pixel172       0.4805    0.3789     0.588
pixel173        0.486    0.3942    0.5832
pixel174       0.4821    0.3978    0.5713
pixel175       0.4772    0.3975    0.5616
pixel176       0.4851     0.406    0.5689
pixel177       0.5148    0.4338    0.6005
pixel178       0.5588    0.4758    0.6466
pixel179       0.5936    0.5103    0.6817
pixel180       0.5935    0.5093    0.6827
pixel181       0.5571    0.4721    0.6471
pixel182       0.5119    0.4294    0.5991
pixel183       0.4808     0.401    0.5652
pixel184       0.4718    0.3922    0.5561
pixel185       0.4763    0.3914    0.5662
pixel186       0.4822    0.3888    0.5811
pixel187       0.4797    0.3754    0.5901
pixel188       0.4616    0.3469    0.5829
pixel189       0.4376    0.3146    0.5678
pixel190       0.4284    0.2968    0.5677
pixel191       0.4376    0.3008    0.5824
pixel192       0.4493    0.3112    0.5954
pixel193         0.44    0.3068    0.5809
pixel194       0.4489    0.3257    0.5794
pixel195        0.473    0.3608    0.5917
pixel196       0.4839    0.3833    0.5904
pixel197       0.4713    0.3839    0.5638
pixel198       0.4555    0.3785     0.537
pixel199       0.4444    0.3733    0.5197
pixel200       0.4535    0.3818    0.5292
pixel201       0.4823     0.406     0.563
pixel202        0.532    0.4498     0.619
pixel203       0.5871    0.5035    0.6756
pixel204       0.5892    0.5041    0.6793
pixel205       0.5368    0.4528    0.6257
pixel206       0.4869    0.4085    0.5699
pixel207       0.4568    0.3837    0.5342
pixel208       0.4441     0.371    0.5215
pixel209       0.4537    0.3753    0.5367
pixel210       0.4695    0.3804    0.5638
pixel211       0.4841    0.3822     0.592
pixel212       0.4764    0.3621    0.5973
pixel213       0.4532    0.3291    0.5846
pixel214       0.4396    0.3069    0.5801
pixel215        0.444    0.3057    0.5903
pixel216       0.4565    0.3162     0.605
pixel217       0.4506    0.3148    0.5943
pixel218       0.4644    0.3391    0.5971
pixel219       0.4911    0.3789    0.6098
pixel220       0.4973    0.3985    0.6018
pixel221       0.4769    0.3933    0.5653
pixel222       0.4634    0.3892    0.5421
pixel223       0.4506    0.3829    0.5222
pixel224       0.4711     0.403    0.5431
pixel225       0.4917    0.4191    0.5685
pixel226       0.5382    0.4597    0.6213
pixel227       0.6038    0.5232    0.6892
pixel228       0.6081    0.5258    0.6952
pixel229       0.5479    0.4664    0.6341
pixel230       0.4999    0.4239    0.5803
pixel231       0.4789    0.4074    0.5546
pixel232       0.4585    0.3877    0.5333
pixel233       0.4704    0.3938    0.5515
pixel234       0.4827    0.3966    0.5739
pixel235       0.5014    0.4017    0.6068
pixel236       0.4963    0.3829    0.6162
pixel237       0.4699    0.3448    0.6023
pixel238       0.4519    0.3184    0.5933
pixel239       0.4518    0.3119    0.5997
pixel240       0.4631    0.3209    0.6136
pixel241       0.4606    0.3228    0.6063
pixel242       0.4795    0.3529    0.6136
pixel243       0.5133    0.4011    0.6321
pixel244       0.5315    0.4335    0.6352
pixel245       0.5281    0.4431     0.618
pixel246       0.5249    0.4476    0.6068
pixel247       0.5224    0.4506    0.5983
pixel248       0.5356     0.464    0.6114
pixel249       0.5508    0.4771    0.6287
pixel250       0.5794    0.5031    0.6602
pixel251       0.6268      0.55    0.7081
pixel252       0.6315    0.5533    0.7143
pixel253       0.5879    0.5087    0.6718
pixel254       0.5567    0.4797    0.6382
pixel255       0.5407    0.4659    0.6198
pixel256        0.529    0.4549    0.6074
pixel257       0.5335    0.4536     0.618
pixel258       0.5364    0.4486    0.6293
pixel259        0.537    0.4377    0.6421
pixel260       0.5189    0.4061    0.6382
pixel261       0.4854     0.359    0.6191
pixel262       0.4625    0.3274    0.6055
pixel263       0.4591     0.318    0.6084
pixel264       0.4682    0.3242    0.6205
pixel265       0.4682    0.3282    0.6164
pixel266       0.4893    0.3609    0.6252
pixel267       0.5298    0.4176    0.6484
pixel268       0.5648    0.4678    0.6673
pixel269       0.5819    0.4966    0.6721
pixel270       0.5879    0.5092    0.6711
pixel271       0.5905    0.5148    0.6706
pixel272       0.5954    0.5216    0.6735
pixel273       0.6014    0.5282    0.6789
pixel274       0.6122    0.5377    0.6911
pixel275       0.6414    0.5679    0.7191
pixel276       0.6446    0.5705    0.7231
pixel277       0.6163    0.5406    0.6964
pixel278       0.6042     0.527    0.6858
pixel279       0.5975    0.5203    0.6791
pixel280       0.5924    0.5143     0.675
pixel281       0.5911    0.5092    0.6778
pixel282        0.586    0.4984    0.6787
pixel283       0.5695    0.4711    0.6736
pixel284       0.5358    0.4229    0.6553
pixel285       0.4959    0.3683    0.6308
pixel286       0.4698    0.3331    0.6145
pixel287       0.4638    0.3213    0.6146
pixel288        0.472    0.3271    0.6253
pixel289       0.4722    0.3309    0.6216
pixel290       0.4925    0.3621    0.6305
pixel291       0.5346    0.4213    0.6544
pixel292       0.5782    0.4812    0.6807
pixel293       0.6089    0.5244    0.6984
pixel294       0.6244    0.5466    0.7066
pixel295       0.6285    0.5539    0.7075
pixel296       0.6265    0.5538    0.7035
pixel297       0.6174    0.5441     0.695
pixel298         0.62    0.5464     0.698
pixel299        0.645    0.5725    0.7218
pixel300       0.6481    0.5758    0.7246
pixel301       0.6241    0.5509    0.7016
pixel302       0.6176    0.5422    0.6974
pixel303       0.6252    0.5496    0.7052
pixel304       0.6265    0.5492    0.7084
pixel305       0.6229    0.5422    0.7083
pixel306       0.6091    0.5221    0.7011
pixel307       0.5814    0.4831    0.6853
pixel308        0.541    0.4278    0.6609
pixel309       0.4999    0.3722     0.635
pixel310       0.4731    0.3349    0.6193
pixel311        0.467    0.3238    0.6185
pixel312       0.4736    0.3282    0.6275
pixel313       0.4728    0.3299    0.6239
pixel314       0.4903    0.3576    0.6307
pixel315       0.5286    0.4129     0.651
pixel316       0.5738    0.4753    0.6781
pixel317        0.609    0.5231    0.6999
pixel318       0.6292    0.5506    0.7124
pixel319       0.6331    0.5583    0.7122
pixel320       0.6211    0.5473    0.6993
pixel321       0.6031    0.5293    0.6811
pixel322       0.6093    0.5365    0.6864
pixel323       0.6334    0.5618    0.7091
pixel324       0.6377    0.5667    0.7128
pixel325       0.6135    0.5419    0.6892
pixel326       0.6035    0.5295    0.6818
pixel327       0.6159    0.5397    0.6965
pixel328       0.6277    0.5497    0.7102
pixel329       0.6254    0.5443    0.7112
pixel330       0.6079    0.5193    0.7016
pixel331       0.5761    0.4763    0.6818
pixel332       0.5349    0.4202    0.6563
pixel333       0.4972    0.3678    0.6341
pixel334       0.4731    0.3331    0.6213
pixel335       0.4685    0.3242    0.6212
pixel336       0.4736    0.3276    0.6281
pixel337       0.4722    0.3286    0.6241
pixel338       0.4851    0.3508    0.6272
pixel339        0.517    0.3985    0.6425
pixel340       0.5582    0.4564    0.6659
pixel341       0.5921    0.5031    0.6862
pixel342       0.6117    0.5306    0.6974
pixel343       0.6128    0.5361     0.694
pixel344       0.5957    0.5207    0.6752
pixel345       0.5772    0.5034    0.6554
pixel346       0.5791    0.5063    0.6561
pixel347       0.5993    0.5261    0.6767
pixel348       0.6025    0.5286    0.6807
pixel349       0.5838    0.5098     0.662
pixel350       0.5782     0.502    0.6589
pixel351       0.5901    0.5132    0.6715
pixel352       0.6056    0.5264    0.6894
pixel353       0.6073     0.524    0.6954
pixel354       0.5908    0.4997    0.6872
pixel355       0.5606    0.4579    0.6692
pixel356       0.5233    0.4059    0.6476
pixel357       0.4896    0.3574    0.6294
pixel358       0.4712    0.3299    0.6206
pixel359       0.4675     0.323    0.6205
pixel360       0.4724    0.3264    0.6269
pixel361       0.4702    0.3251    0.6237
pixel362       0.4791    0.3425    0.6235
pixel363       0.5044    0.3824    0.6335
pixel364       0.5384    0.4323    0.6506
pixel365       0.5679    0.4753    0.6659
pixel366       0.5844    0.5004    0.6733
pixel367       0.5847    0.5063    0.6677
pixel368       0.5741    0.4977    0.6549
pixel369       0.5575    0.4812    0.6383
pixel370        0.544    0.4685    0.6238
pixel371       0.5534    0.4771    0.6341
pixel372       0.5562    0.4783    0.6386
pixel373       0.5475    0.4704    0.6291
pixel374       0.5573    0.4794    0.6396
pixel375       0.5723    0.4946    0.6545
pixel376       0.5804    0.5007    0.6648
pixel377       0.5805    0.4956    0.6703
pixel378        0.567    0.4733    0.6662
pixel379       0.5408    0.4354    0.6523
pixel380       0.5088    0.3884    0.6362
pixel381        0.481    0.3458     0.624
pixel382       0.4681    0.3246      0.62
pixel383       0.4663    0.3217    0.6194
pixel384       0.4711    0.3245    0.6262
pixel385       0.4667    0.3206    0.6211
pixel386       0.4729    0.3336    0.6202
pixel387       0.4919    0.3664    0.6246
pixel388       0.5197    0.4098    0.6361
pixel389       0.5453    0.4492     0.647
pixel390       0.5576    0.4715    0.6487
pixel391       0.5596    0.4807    0.6431
pixel392       0.5588    0.4823    0.6396
pixel393       0.5519    0.4766    0.6316
pixel394       0.5389    0.4646    0.6176
pixel395       0.5368    0.4618    0.6161
pixel396        0.538     0.462    0.6184
pixel397       0.5407     0.465    0.6208
pixel398       0.5515    0.4752    0.6322
pixel399       0.5595    0.4818    0.6418
pixel400       0.5587    0.4783    0.6438
pixel401       0.5551    0.4685    0.6467
pixel402       0.5444     0.448    0.6463
pixel403       0.5225     0.414    0.6374
pixel404       0.4956    0.3716    0.6268
pixel405       0.4728    0.3355    0.6181
pixel406       0.4631    0.3192    0.6155
pixel407       0.4634    0.3183     0.617
pixel408       0.4695    0.3228    0.6248
pixel409       0.4633    0.3169    0.6181
pixel410        0.467    0.3254    0.6168
pixel411       0.4803    0.3512    0.6169
pixel412       0.5044    0.3904    0.6249
pixel413       0.5279    0.4287    0.6328
pixel414       0.5386    0.4509    0.6314
pixel415       0.5359     0.455    0.6216
pixel416       0.5327    0.4569    0.6129
pixel417       0.5303    0.4581    0.6067
pixel418       0.5253    0.4557    0.5989
pixel419       0.5249    0.4562    0.5977
pixel420       0.5256    0.4559    0.5993
pixel421       0.5271    0.4559    0.6024
pixel422       0.5305    0.4564     0.609
pixel423       0.5329    0.4555    0.6147
pixel424       0.5347     0.454      0.62
pixel425        0.536    0.4479    0.6291
pixel426       0.5277    0.4288    0.6323
pixel427       0.5076    0.3952    0.6265
pixel428        0.483    0.3554     0.618
pixel429       0.4647    0.3259    0.6115
pixel430       0.4587    0.3144    0.6114
pixel431       0.4605    0.3158    0.6137
pixel432       0.4676    0.3219    0.6218
pixel433       0.4607    0.3149     0.615
pixel434       0.4607    0.3186     0.611
pixel435       0.4687    0.3362     0.609
pixel436       0.4897    0.3718    0.6144
pixel437       0.5139    0.4112    0.6225
pixel438       0.5265    0.4362    0.6221
pixel439       0.5212    0.4392     0.608
pixel440       0.5068    0.4325    0.5853
pixel441       0.4962    0.4278    0.5686
pixel442       0.4938    0.4287    0.5626
pixel443       0.4979    0.4347    0.5648
pixel444       0.4986    0.4347    0.5661
pixel445       0.4962    0.4302     0.566
pixel446       0.4968    0.4274    0.5703
pixel447       0.5032      0.43    0.5806
pixel448        0.517    0.4362    0.6024
pixel449       0.5231    0.4327    0.6188
pixel450       0.5142    0.4119    0.6225
pixel451       0.4937    0.3774    0.6167
pixel452       0.4709     0.341    0.6083
pixel453       0.4572    0.3178    0.6046
pixel454       0.4545    0.3113    0.6061
pixel455       0.4576     0.315    0.6086
pixel456       0.4654    0.3221    0.6172
pixel457       0.4576    0.3136      0.61
pixel458       0.4545    0.3125    0.6048
pixel459       0.4585    0.3236    0.6012
pixel460       0.4738    0.3526    0.6022
pixel461       0.4975    0.3905    0.6108
pixel462       0.5158     0.421    0.6161
pixel463       0.5165    0.4327    0.6051
pixel464       0.5022    0.4284    0.5802
pixel465       0.4864    0.4201    0.5564
pixel466       0.4827    0.4207    0.5484
pixel467       0.4877    0.4282    0.5506
pixel468       0.4883    0.4287    0.5514
pixel469       0.4854    0.4235    0.5509
pixel470       0.4862    0.4209    0.5553
pixel471       0.4979    0.4253    0.5747
pixel472       0.5113    0.4284    0.5991
pixel473       0.5126    0.4192    0.6114
pixel474       0.4994    0.3932    0.6119
pixel475        0.478    0.3586    0.6044
pixel476       0.4585    0.3276    0.5969
pixel477       0.4502    0.3119    0.5965
pixel478       0.4502    0.3094    0.5992
pixel479       0.4554    0.3148    0.6043
pixel480       0.4635    0.3229    0.6123
pixel481       0.4548    0.3139     0.604
pixel482       0.4497    0.3097    0.5977
pixel483       0.4506    0.3162    0.5929
pixel484       0.4593    0.3357    0.5901
pixel485       0.4785    0.3681    0.5952
pixel486          0.5    0.4006    0.6051
pixel487       0.5103    0.4232    0.6024
pixel488       0.5077    0.4313    0.5884
pixel489       0.4983    0.4291    0.5715
pixel490       0.4938    0.4304    0.5608
pixel491       0.4945    0.4332    0.5595
pixel492       0.4942    0.4326    0.5595
pixel493       0.4932    0.4299    0.5602
pixel494       0.4962    0.4286    0.5677
pixel495       0.5044    0.4289    0.5843
pixel496       0.5068    0.4212    0.5974
pixel497       0.4991    0.4021    0.6018
pixel498       0.4816     0.372    0.5975
pixel499       0.4607    0.3393    0.5891
pixel500       0.4468    0.3165    0.5847
pixel501       0.4431    0.3081    0.5859
pixel502       0.4467    0.3095    0.5919
pixel503       0.4538    0.3172    0.5984
pixel504       0.4608    0.3253    0.6041
pixel505       0.4528    0.3168    0.5967
pixel506       0.4465    0.3112    0.5897
pixel507       0.4436    0.3116    0.5832
pixel508       0.4468    0.3234    0.5773
pixel509       0.4608    0.3487    0.5794
pixel510       0.4817    0.3794    0.5899
pixel511       0.4985    0.4072    0.5951
pixel512       0.5069    0.4255     0.593
pixel513       0.5078     0.434    0.5859
pixel514       0.5061    0.4365    0.5798
pixel515       0.5061    0.4391     0.577
pixel516       0.5056     0.439     0.576
pixel517       0.5065    0.4376    0.5793
pixel518       0.5069    0.4331    0.5851
pixel519       0.5062    0.4246    0.5926
pixel520       0.4973    0.4067    0.5932
pixel521       0.4825    0.3815    0.5893
pixel522       0.4636    0.3518    0.5818
pixel523       0.4469    0.3261    0.5747
pixel524       0.4381    0.3107     0.573
pixel525       0.4379    0.3081    0.5753
pixel526       0.4438    0.3112    0.5842
pixel527        0.451    0.3187     0.591
pixel528       0.4594    0.3301    0.5962
pixel529       0.4519    0.3225    0.5889
pixel530       0.4445    0.3144    0.5821
pixel531       0.4392    0.3121    0.5737
pixel532       0.4379     0.318    0.5648
pixel533       0.4471    0.3354    0.5654
pixel534       0.4646    0.3614    0.5738
pixel535       0.4805    0.3867    0.5797
pixel536       0.4963    0.4104    0.5873
pixel537       0.5062    0.4269      0.59
pixel538       0.5105    0.4354    0.5899
pixel539       0.5114    0.4385    0.5886
pixel540       0.5117    0.4388    0.5889
pixel541       0.5119    0.4361    0.5921
pixel542       0.5078    0.4275    0.5928
pixel543       0.4985    0.4114    0.5908
pixel544       0.4827    0.3877    0.5832
pixel545       0.4648    0.3617    0.5739
pixel546       0.4484    0.3371    0.5663
pixel547       0.4378    0.3198    0.5627
pixel548        0.433    0.3106    0.5626
pixel549       0.4352    0.3102    0.5673
pixel550       0.4411    0.3144    0.5751
pixel551       0.4482    0.3216    0.5821
pixel552       0.4592    0.3353    0.5902
pixel553        0.451    0.3275    0.5816
pixel554       0.4431    0.3199    0.5734
pixel555       0.4379    0.3165    0.5664
pixel556       0.4353    0.3193     0.558
pixel557       0.4388    0.3292    0.5548
pixel558       0.4504    0.3473    0.5595
pixel559       0.4633    0.3679    0.5643
pixel560       0.4781    0.3887    0.5727
pixel561       0.4912    0.4077    0.5795
pixel562       0.4986    0.4184    0.5833
pixel563       0.5012    0.4227    0.5843
pixel564       0.5019    0.4232    0.5851
pixel565       0.5001    0.4197    0.5851
pixel566       0.4941    0.4099    0.5833
pixel567       0.4816    0.3908    0.5775
pixel568       0.4655    0.3687    0.5679
pixel569       0.4505    0.3476    0.5594
pixel570       0.4389    0.3301    0.5539
pixel571       0.4332    0.3192    0.5539
pixel572       0.4315    0.3147    0.5552
pixel573       0.4349    0.3157    0.5609
pixel574       0.4403      0.32    0.5676
pixel575       0.4473    0.3264    0.5752


Clusterer Built in 6.173205852508545 secs.

Clustering data.
Cluster results

kMeans
======

Number of iterations: 24
Within cluster sum of squared errors: 959084.2670206067

Initial starting points (random):

Cluster 0: 0.436275,0.523529,0.552941,0.571569,0.62451,0.690196,0.689216,0.647059,0.639216,0.670588,0.679412,0.719608,0.673529,0.673529,0.640196,0.582353,0.432353,0.213725,0.078431,0.156863,0.288235,0.257843,0.331373,0.310784,0.581373,0.552941,0.585294,0.622549,0.653922,0.691176,0.671569,0.709804,0.734314,0.734314,0.746078,0.707843,0.67549,0.64902,0.667647,0.585294,0.484314,0.253922,0.081373,0.147059,0.368627,0.369608,0.426471,0.338235,0.558824,0.585294,0.635294,0.722549,0.753922,0.745098,0.723529,0.728431,0.682353,0.67451,0.659804,0.578431,0.613725,0.703922,0.716667,0.656863,0.512745,0.312745,0.121569,0.166667,0.284314,0.160784,0.367647,0.344118,0.458824,0.588235,0.619608,0.595098,0.676471,0.670588,0.673529,0.691176,0.580392,0.559804,0.554902,0.638235,0.676471,0.628431,0.634314,0.626471,0.570588,0.366667,0.206863,0.143137,0.182353,0.130392,0.097059,0.212745,0.55098,0.578431,0.508824,0.47549,0.468627,0.547059,0.583333,0.559804,0.535294,0.555882,0.505882,0.537255,0.519608,0.545098,0.543137,0.444118,0.362745,0.488235,0.280392,0.192157,0.206863,0.188235,0.223529,0.155882,0.594118,0.652941,0.538235,0.607843,0.50098,0.505882,0.561765,0.52451,0.491176,0.539216,0.486275,0.410784,0.417647,0.47451,0.468627,0.438235,0.428431,0.503922,0.364706,0.248039,0.160784,0.247059,0.35,0.137255,0.492157,0.578431,0.596078,0.45098,0.371569,0.437255,0.47549,0.507843,0.47549,0.42451,0.34902,0.337255,0.37451,0.385294,0.359804,0.318627,0.368627,0.487255,0.503922,0.311765,0.136275,0.42451,0.34902,0.310784,0.365686,0.487255,0.476471,0.433333,0.396078,0.332353,0.32451,0.340196,0.615686,0.338235,0.306863,0.344118,0.258824,0.25,0.237255,0.256863,0.346078,0.538235,0.605882,0.373529,0.256863,0.429412,0.228431,0.361765,0.368627,0.417647,0.419608,0.378431,0.285294,0.298039,0.328431,0.35098,0.773529,0.65,0.292157,0.317647,0.384314,0.480392,0.447059,0.342157,0.419608,0.523529,0.561765,0.437255,0.207843,0.387255,0.172549,0.280392,0.356863,0.320588,0.126471,0.222549,0.410784,0.429412,0.298039,0.427451,0.752941,0.694118,0.551961,0.341176,0.383333,0.35098,0.326471,0.37549,0.512745,0.561765,0.518627,0.462745,0.186275,0.369608,0.330392,0.222549,0.30098,0.32549,0.279412,0.390196,0.436275,0.336275,0.372549,0.384314,0.697059,0.681373,0.593137,0.418627,0.458824,0.444118,0.44902,0.514706,0.612745,0.631373,0.516667,0.444118,0.213725,0.356863,0.289216,0.254902,0.360784,0.392157,0.381373,0.332353,0.304902,0.35098,0.452941,0.413725,0.641176,0.723529,0.639216,0.445098,0.45,0.519608,0.530392,0.568627,0.603922,0.577451,0.493137,0.441176,0.239216,0.327451,0.184314,0.205882,0.352941,0.39902,0.361765,0.371569,0.385294,0.44902,0.469608,0.414706,0.627451,0.695098,0.645098,0.662745,0.418627,0.473529,0.571569,0.609804,0.601961,0.558824,0.478431,0.454902,0.188235,0.330392,0.273529,0.214706,0.072549,0.373529,0.414706,0.421569,0.485294,0.541176,0.522549,0.510784,0.559804,0.603922,0.565686,0.483333,0.493137,0.326471,0.477451,0.572549,0.618627,0.6,0.534314,0.480392,0.190196,0.147059,0.134314,0.251961,0.023529,0.12451,0.442157,0.487255,0.562745,0.608824,0.510784,0.364706,0.456863,0.584314,0.514706,0.39902,0.376471,0.442157,0.464706,0.509804,0.559804,0.611765,0.576471,0.497059,0.167647,0.166667,0.116667,0.141176,0.05098,0.026471,0.397059,0.513725,0.596078,0.591176,0.5,0.436275,0.487255,0.584314,0.601961,0.598039,0.540196,0.517647,0.432353,0.305882,0.485294,0.579412,0.612745,0.47549,0.147059,0.2,0.129412,0.142157,0.037255,0.016667,0.152941,0.528431,0.613725,0.546078,0.510784,0.455882,0.485294,0.50098,0.512745,0.513725,0.515686,0.556863,0.218627,0.160784,0.452941,0.541176,0.623529,0.395098,0.138235,0.196078,0.083333,0.219608,0.070588,0.017647,0.012745,0.339216,0.594118,0.573529,0.505882,0.260784,0.316667,0.512745,0.641176,0.673529,0.60098,0.343137,0.221569,0.2,0.478431,0.511765,0.597059,0.248039,0.171569,0.215686,0.080392,0.173529,0.073529,0.021569,0.022549,0.051961,0.487255,0.628431,0.502941,0.4,0.103922,0.230392,0.408824,0.255882,0.219608,0.251961,0.185294,0.348039,0.476471,0.507843,0.52549,0.196078,0.169608,0.217647,0.119608,0.093137,0.028431,0.028431,0.013725,0.015686,0.082353,0.529412,0.579412,0.465686,0.359804,0.202941,0.301961,0.391176,0.352941,0.312745,0.409804,0.498039,0.45098,0.548039,0.42549,0.291176,0.129412,0.145098,0.113725,0.153922,0.111765,0.037255,0.007843,0.015686,0.064706,0.164706,0.560784,0.517647,0.461765,0.408824,0.378431,0.464706,0.532353,0.585294,0.547059,0.463725,0.493137,0.54902,0.355882,0.295098,0.132353,0.173529,0.096078,0.159804,0.348039,0.132353,0.010784,0.036275,0.081373,0.135294,0.132353,0.532353,0.491176,0.453922,0.521569,0.555882,0.533333,0.473529,0.471569,0.493137,0.546078,0.538235,0.442157,0.447059,0.25098,0.195098,0.181373,0.183333,0.377451,0.393137,0.062745,0.098039,0.05098,0.151961,0.184314,0.382353,0.517647,0.49902,0.47549,0.469608,0.486275,0.526471,0.529412,0.556863,0.569608,0.589216,0.523529,0.456863,0.378431,0.27451,0.245098,0.305882,0.384314,0.369608,0.284314,0.211765,0.176471,0.209804,0.185294,0.277451,0.432353,0.532353,0.542157,0.54902,0.570588,0.570588,0.568627,0.584314,0.589216,0.594118,0.519608,0.463725,0.429412,0.364706,0.232353,0.379412
Cluster 1: 1,0.997059,0.82451,0.332353,0.455882,0.595098,0.547059,0.558824,0.522549,0.481373,0.455882,0.357843,0.27451,0.292157,0.297059,0.323529,0.27451,0.361765,0.473529,0.289216,0.770588,0.995098,1,1,1,0.997059,0.663725,0.444118,0.6,0.662745,0.616667,0.612745,0.608824,0.587255,0.59902,0.536275,0.447059,0.468627,0.506863,0.453922,0.460784,0.54902,0.535294,0.352941,0.438235,0.996078,1,1,1,0.997059,0.616667,0.548039,0.652941,0.67451,0.653922,0.646078,0.640196,0.584314,0.569608,0.568627,0.553922,0.565686,0.562745,0.554902,0.589216,0.640196,0.648039,0.529412,0.40098,0.994118,0.99902,1,1,0.998039,0.685294,0.630392,0.67549,0.67549,0.657843,0.645098,0.644118,0.609804,0.578431,0.569608,0.555882,0.569608,0.579412,0.585294,0.627451,0.648039,0.666667,0.62451,0.438235,0.910784,0.995098,1,1,0.998039,0.714706,0.652941,0.688235,0.669608,0.64902,0.639216,0.630392,0.59902,0.571569,0.571569,0.567647,0.564706,0.578431,0.606863,0.635294,0.636275,0.690196,0.679412,0.514706,0.883333,0.995098,1,0.99902,0.996078,0.684314,0.717647,0.697059,0.672549,0.65,0.645098,0.64902,0.598039,0.586275,0.578431,0.578431,0.580392,0.589216,0.619608,0.632353,0.641176,0.712745,0.705882,0.631373,0.969608,0.998039,1,0.996078,0.954902,0.692157,0.748039,0.707843,0.677451,0.628431,0.632353,0.656863,0.613725,0.601961,0.593137,0.576471,0.590196,0.607843,0.641176,0.65,0.653922,0.714706,0.736275,0.741176,1,1,1,0.920588,0.604902,0.67549,0.756863,0.688235,0.567647,0.532353,0.461765,0.438235,0.472549,0.55,0.588235,0.578431,0.558824,0.576471,0.595098,0.602941,0.618627,0.701961,0.763725,0.781373,0.998039,1,1,0.815686,0.632353,0.693137,0.762745,0.666667,0.503922,0.405882,0.362745,0.326471,0.379412,0.512745,0.546078,0.57451,0.571569,0.538235,0.492157,0.504902,0.57451,0.644118,0.781373,0.813725,0.997059,1,1,0.772549,0.662745,0.697059,0.743137,0.604902,0.513725,0.463725,0.346078,0.27451,0.226471,0.453922,0.598039,0.634314,0.531373,0.3,0.317647,0.473529,0.559804,0.67451,0.796078,0.698039,0.935294,0.996078,1,0.854902,0.502941,0.645098,0.719608,0.638235,0.592157,0.502941,0.401961,0.358824,0.409804,0.545098,0.595098,0.632353,0.378431,0.281373,0.35,0.484314,0.50098,0.604902,0.763725,0.732353,0.965686,0.997059,1,0.906863,0.537255,0.714706,0.681373,0.65098,0.638235,0.588235,0.538235,0.538235,0.571569,0.598039,0.601961,0.637255,0.580392,0.410784,0.428431,0.509804,0.606863,0.667647,0.77451,0.764706,0.986275,1,1,0.947059,0.702941,0.693137,0.681373,0.665686,0.643137,0.548039,0.553922,0.542157,0.585294,0.634314,0.617647,0.65,0.652941,0.517647,0.526471,0.587255,0.610784,0.689216,0.763725,0.616667,0.998039,1,1,0.996078,0.735294,0.697059,0.683333,0.663725,0.568627,0.457843,0.412745,0.492157,0.646078,0.659804,0.615686,0.659804,0.657843,0.562745,0.537255,0.576471,0.638235,0.696078,0.729412,0.690196,0.998039,1,1,0.998039,0.956863,0.843137,0.653922,0.597059,0.460784,0.39902,0.545098,0.57451,0.526471,0.566667,0.55098,0.678431,0.65098,0.556863,0.438235,0.50098,0.651961,0.720588,0.754902,0.731373,0.99902,1,1,0.95098,0.956863,0.872549,0.622549,0.530392,0.394118,0.570588,0.608824,0.62451,0.589216,0.535294,0.557843,0.65,0.635294,0.628431,0.578431,0.458824,0.569608,0.697059,0.743137,0.821569,0.992157,0.989216,1,0.942157,0.968627,0.846078,0.721569,0.458824,0.515686,0.52549,0.586275,0.597059,0.619608,0.583333,0.640196,0.638235,0.672549,0.711765,0.737255,0.653922,0.548039,0.711765,0.884314,0.947059,0.95098,0.933333,0.99902,0.936275,0.970588,0.863725,0.661765,0.430392,0.526471,0.527451,0.393137,0.669608,0.67549,0.644118,0.648039,0.677451,0.694118,0.529412,0.445098,0.42451,0.661765,0.712745,0.907843,0.943137,0.933333,0.95,0.99902,0.983333,0.937255,0.907843,0.516667,0.358824,0.431373,0.528431,0.55098,0.510784,0.532353,0.548039,0.556863,0.563725,0.551961,0.480392,0.552941,0.55098,0.660784,0.75098,0.993137,0.993137,0.998039,0.995098,1,1,0.998039,0.910784,0.566667,0.412745,0.415686,0.536275,0.592157,0.633333,0.571569,0.507843,0.520588,0.590196,0.709804,0.69902,0.617647,0.643137,0.698039,0.892157,0.998039,1,1,1,1,1,0.99902,0.841176,0.588235,0.45,0.385294,0.552941,0.560784,0.601961,0.545098,0.530392,0.546078,0.601961,0.683333,0.615686,0.666667,0.688235,0.779412,0.992157,0.998039,1,1,1,1,1,0.998039,0.715686,0.544118,0.480392,0.508824,0.565686,0.615686,0.57451,0.60098,0.570588,0.567647,0.60098,0.618627,0.630392,0.696078,0.712745,0.938235,0.995098,1,1,1,1,1,1,0.998039,0.640196,0.533333,0.52451,0.588235,0.561765,0.567647,0.591176,0.576471,0.569608,0.580392,0.62451,0.653922,0.694118,0.691176,0.719608,0.763725,0.712745,0.996078,1,1,1,1,0.998039,0.983333,0.633333,0.537255,0.558824,0.607843,0.535294,0.453922,0.461765,0.472549,0.517647,0.510784,0.588235,0.648039,0.663725,0.693137,0.692157,0.930392,0.428431,0.840196,0.997059,1,1,1

Missing values globally replaced with mean/mode

Final cluster centroids:
                       Cluster#
Attribute   Full Data         0         1
            (35887.0) (18450.0) (17437.0)
=========================================
pixel0         0.4623    0.3386    0.5931
pixel1         0.4398    0.3179    0.5687
pixel2         0.4239     0.306    0.5486
pixel3         0.4182    0.3055    0.5375
pixel4         0.4255    0.3159    0.5416
pixel5         0.4432    0.3347     0.558
pixel6          0.467    0.3611    0.5791
pixel7         0.4898    0.3866    0.5989
pixel8         0.5092    0.4086    0.6158
pixel9         0.5222    0.4239    0.6261
pixel10        0.5307    0.4343    0.6327
pixel11        0.5344    0.4386    0.6357
pixel12        0.5338    0.4372     0.636
pixel13        0.5289    0.4314    0.6322
pixel14        0.5197    0.4204    0.6247
pixel15        0.5052    0.4036    0.6126
pixel16        0.4851    0.3813    0.5948
pixel17        0.4611     0.354    0.5743
pixel18        0.4382     0.328    0.5548
pixel19        0.4216    0.3077    0.5422
pixel20        0.4146    0.2967    0.5393
pixel21        0.4207    0.2998    0.5487
pixel22        0.4361    0.3121    0.5673
pixel23        0.4582    0.3318    0.5919
pixel24        0.4531     0.328    0.5854
pixel25        0.4313    0.3087     0.561
pixel26        0.4184    0.3006     0.543
pixel27        0.4196    0.3063    0.5395
pixel28        0.4363    0.3254    0.5535
pixel29        0.4642     0.355    0.5797
pixel30        0.4941    0.3878    0.6066
pixel31        0.5217     0.418    0.6316
pixel32        0.5438    0.4439    0.6495
pixel33        0.5594    0.4618    0.6626
pixel34        0.5684     0.473    0.6694
pixel35        0.5728    0.4786    0.6725
pixel36        0.5718    0.4774    0.6718
pixel37        0.5661    0.4707     0.667
pixel38         0.556    0.4582    0.6595
pixel39        0.5393    0.4388    0.6456
pixel40        0.5165    0.4123    0.6267
pixel41        0.4889    0.3815    0.6026
pixel42        0.4582    0.3469    0.5759
pixel43        0.4316    0.3167    0.5533
pixel44        0.4157    0.2973    0.5411
pixel45        0.4144    0.2928    0.5431
pixel46        0.4276    0.3022    0.5602
pixel47        0.4499    0.3218    0.5853
pixel48        0.4461    0.3195    0.5801
pixel49        0.4248    0.3012    0.5555
pixel50        0.4144    0.2964    0.5393
pixel51        0.4228    0.3087    0.5435
pixel52        0.4491    0.3374    0.5673
pixel53        0.4837    0.3744    0.5993
pixel54        0.5154    0.4094    0.6276
pixel55         0.544    0.4424    0.6515
pixel56        0.5665    0.4697     0.669
pixel57         0.582    0.4881    0.6814
pixel58        0.5915    0.4993    0.6891
pixel59        0.5961    0.5046     0.693
pixel60        0.5956    0.5045    0.6921
pixel61        0.5895    0.4973     0.687
pixel62        0.5782     0.484    0.6779
pixel63         0.561    0.4634    0.6643
pixel64        0.5375    0.4359    0.6449
pixel65        0.5105    0.4045    0.6226
pixel66        0.4785     0.368    0.5954
pixel67        0.4447    0.3302    0.5658
pixel68         0.419    0.3006    0.5442
pixel69         0.411    0.2884    0.5407
pixel70        0.4206    0.2942    0.5544
pixel71        0.4427    0.3134    0.5796
pixel72        0.4409     0.312    0.5772
pixel73        0.4199    0.2954    0.5516
pixel74        0.4128    0.2944    0.5381
pixel75         0.428    0.3139    0.5486
pixel76        0.4619    0.3506    0.5797
pixel77        0.4985    0.3904    0.6129
pixel78        0.5295     0.427     0.638
pixel79        0.5574    0.4602    0.6603
pixel80        0.5792    0.4863    0.6776
pixel81        0.5954    0.5056    0.6905
pixel82        0.6061    0.5177    0.6996
pixel83        0.6111    0.5237    0.7036
pixel84        0.6101    0.5223     0.703
pixel85        0.6037     0.515    0.6975
pixel86        0.5912    0.5006    0.6869
pixel87        0.5732    0.4797    0.6721
pixel88        0.5507    0.4531     0.654
pixel89        0.5247    0.4225    0.6329
pixel90        0.4944    0.3862     0.609
pixel91        0.4581    0.3449    0.5779
pixel92        0.4248    0.3069    0.5496
pixel93          0.41    0.2873    0.5397
pixel94        0.4161    0.2884    0.5512
pixel95        0.4368    0.3057    0.5754
pixel96        0.4376    0.3068     0.576
pixel97         0.418    0.2918    0.5516
pixel98        0.4139    0.2945    0.5402
pixel99        0.4346    0.3203    0.5556
pixel100       0.4735     0.363    0.5903
pixel101       0.5087    0.4042    0.6192
pixel102       0.5376    0.4407    0.6401
pixel103       0.5628     0.471      0.66
pixel104       0.5852    0.4968    0.6787
pixel105       0.6032     0.517    0.6944
pixel106       0.6153    0.5309    0.7046
pixel107       0.6213    0.5374    0.7099
pixel108       0.6201    0.5361     0.709
pixel109       0.6119    0.5268     0.702
pixel110       0.5978    0.5115    0.6892
pixel111       0.5782    0.4892    0.6724
pixel112       0.5556    0.4628    0.6538
pixel113       0.5308    0.4332    0.6341
pixel114       0.5031    0.3991    0.6133
pixel115       0.4693    0.3579    0.5873
pixel116       0.4322    0.3152    0.5561
pixel117       0.4119    0.2888    0.5421
pixel118       0.4141    0.2851    0.5505
pixel119       0.4334    0.3006    0.5738
pixel120       0.4375    0.3041    0.5786
pixel121       0.4192    0.2909    0.5549
pixel122       0.4182     0.298    0.5454
pixel123       0.4432    0.3291    0.5639
pixel124       0.4805    0.3729    0.5942
pixel125       0.5098    0.4118    0.6135
pixel126       0.5325    0.4426    0.6276
pixel127       0.5537    0.4667    0.6457
pixel128        0.575    0.4908    0.6642
pixel129       0.5969    0.5138    0.6849
pixel130       0.6148    0.5326    0.7017
pixel131       0.6235    0.5419    0.7098
pixel132       0.6222    0.5406    0.7086
pixel133       0.6102    0.5277    0.6975
pixel134       0.5908    0.5074    0.6791
pixel135       0.5668    0.4827    0.6559
pixel136       0.5441    0.4581    0.6351
pixel137       0.5241    0.4329    0.6206
pixel138       0.5035    0.4049    0.6078
pixel139       0.4763    0.3682    0.5906
pixel140       0.4405    0.3247     0.563
pixel141       0.4163    0.2932    0.5466
pixel142       0.4149    0.2845    0.5529
pixel143       0.4323    0.2977    0.5747
pixel144       0.4399    0.3049    0.5826
pixel145       0.4235     0.294    0.5605
pixel146       0.4255    0.3046    0.5533
pixel147       0.4516    0.3393    0.5705
pixel148       0.4816    0.3783    0.5909
pixel149       0.4993    0.4066    0.5974
pixel150       0.5098    0.4242    0.6004
pixel151       0.5196    0.4376    0.6062
pixel152       0.5368    0.4561    0.6221
pixel153       0.5637    0.4819    0.6501
pixel154       0.5928    0.5115    0.6789
pixel155        0.612    0.5307    0.6979
pixel156       0.6115      0.53    0.6977
pixel157       0.5899    0.5075    0.6771
pixel158       0.5576    0.4747    0.6452
pixel159       0.5283    0.4466    0.6147
pixel160       0.5099    0.4275    0.5971
pixel161       0.5015    0.4141     0.594
pixel162       0.4937    0.3988    0.5942
pixel163       0.4782    0.3725      0.59
pixel164       0.4503    0.3354    0.5718
pixel165       0.4252    0.3023    0.5552
pixel166       0.4196    0.2886    0.5583
pixel167       0.4341     0.298     0.578
pixel168       0.4435    0.3077    0.5871
pixel169       0.4308    0.2999    0.5693
pixel170       0.4356    0.3134     0.565
pixel171       0.4601    0.3486    0.5781
pixel172       0.4805    0.3789     0.588
pixel173        0.486    0.3942    0.5832
pixel174       0.4821    0.3978    0.5713
pixel175       0.4772    0.3975    0.5616
pixel176       0.4851     0.406    0.5689
pixel177       0.5148    0.4338    0.6005
pixel178       0.5588    0.4758    0.6466
pixel179       0.5936    0.5103    0.6817
pixel180       0.5935    0.5093    0.6827
pixel181       0.5571    0.4721    0.6471
pixel182       0.5119    0.4294    0.5991
pixel183       0.4808     0.401    0.5652
pixel184       0.4718    0.3922    0.5561
pixel185       0.4763    0.3914    0.5662
pixel186       0.4822    0.3888    0.5811
pixel187       0.4797    0.3754    0.5901
pixel188       0.4616    0.3469    0.5829
pixel189       0.4376    0.3146    0.5678
pixel190       0.4284    0.2968    0.5677
pixel191       0.4376    0.3008    0.5824
pixel192       0.4493    0.3112    0.5954
pixel193         0.44    0.3068    0.5809
pixel194       0.4489    0.3257    0.5794
pixel195        0.473    0.3608    0.5917
pixel196       0.4839    0.3833    0.5904
pixel197       0.4713    0.3839    0.5638
pixel198       0.4555    0.3785     0.537
pixel199       0.4444    0.3733    0.5197
pixel200       0.4535    0.3818    0.5292
pixel201       0.4823     0.406     0.563
pixel202        0.532    0.4498     0.619
pixel203       0.5871    0.5035    0.6756
pixel204       0.5892    0.5041    0.6793
pixel205       0.5368    0.4528    0.6257
pixel206       0.4869    0.4085    0.5699
pixel207       0.4568    0.3837    0.5342
pixel208       0.4441     0.371    0.5215
pixel209       0.4537    0.3753    0.5367
pixel210       0.4695    0.3804    0.5638
pixel211       0.4841    0.3822     0.592
pixel212       0.4764    0.3621    0.5973
pixel213       0.4532    0.3291    0.5846
pixel214       0.4396    0.3069    0.5801
pixel215        0.444    0.3057    0.5903
pixel216       0.4565    0.3162     0.605
pixel217       0.4506    0.3148    0.5943
pixel218       0.4644    0.3391    0.5971
pixel219       0.4911    0.3789    0.6098
pixel220       0.4973    0.3985    0.6018
pixel221       0.4769    0.3933    0.5653
pixel222       0.4634    0.3892    0.5421
pixel223       0.4506    0.3829    0.5222
pixel224       0.4711     0.403    0.5431
pixel225       0.4917    0.4191    0.5685
pixel226       0.5382    0.4597    0.6213
pixel227       0.6038    0.5232    0.6892
pixel228       0.6081    0.5258    0.6952
pixel229       0.5479    0.4664    0.6341
pixel230       0.4999    0.4239    0.5803
pixel231       0.4789    0.4074    0.5546
pixel232       0.4585    0.3877    0.5333
pixel233       0.4704    0.3938    0.5515
pixel234       0.4827    0.3966    0.5739
pixel235       0.5014    0.4017    0.6068
pixel236       0.4963    0.3829    0.6162
pixel237       0.4699    0.3448    0.6023
pixel238       0.4519    0.3184    0.5933
pixel239       0.4518    0.3119    0.5997
pixel240       0.4631    0.3209    0.6136
pixel241       0.4606    0.3228    0.6063
pixel242       0.4795    0.3529    0.6136
pixel243       0.5133    0.4011    0.6321
pixel244       0.5315    0.4335    0.6352
pixel245       0.5281    0.4431     0.618
pixel246       0.5249    0.4476    0.6068
pixel247       0.5224    0.4506    0.5983
pixel248       0.5356     0.464    0.6114
pixel249       0.5508    0.4771    0.6287
pixel250       0.5794    0.5031    0.6602
pixel251       0.6268      0.55    0.7081
pixel252       0.6315    0.5533    0.7143
pixel253       0.5879    0.5087    0.6718
pixel254       0.5567    0.4797    0.6382
pixel255       0.5407    0.4659    0.6198
pixel256        0.529    0.4549    0.6074
pixel257       0.5335    0.4536     0.618
pixel258       0.5364    0.4486    0.6293
pixel259        0.537    0.4377    0.6421
pixel260       0.5189    0.4061    0.6382
pixel261       0.4854     0.359    0.6191
pixel262       0.4625    0.3274    0.6055
pixel263       0.4591     0.318    0.6084
pixel264       0.4682    0.3242    0.6205
pixel265       0.4682    0.3282    0.6164
pixel266       0.4893    0.3609    0.6252
pixel267       0.5298    0.4176    0.6484
pixel268       0.5648    0.4678    0.6673
pixel269       0.5819    0.4966    0.6721
pixel270       0.5879    0.5092    0.6711
pixel271       0.5905    0.5148    0.6706
pixel272       0.5954    0.5216    0.6735
pixel273       0.6014    0.5282    0.6789
pixel274       0.6122    0.5377    0.6911
pixel275       0.6414    0.5679    0.7191
pixel276       0.6446    0.5705    0.7231
pixel277       0.6163    0.5406    0.6964
pixel278       0.6042     0.527    0.6858
pixel279       0.5975    0.5203    0.6791
pixel280       0.5924    0.5143     0.675
pixel281       0.5911    0.5092    0.6778
pixel282        0.586    0.4984    0.6787
pixel283       0.5695    0.4711    0.6736
pixel284       0.5358    0.4229    0.6553
pixel285       0.4959    0.3683    0.6308
pixel286       0.4698    0.3331    0.6145
pixel287       0.4638    0.3213    0.6146
pixel288        0.472    0.3271    0.6253
pixel289       0.4722    0.3309    0.6216
pixel290       0.4925    0.3621    0.6305
pixel291       0.5346    0.4213    0.6544
pixel292       0.5782    0.4812    0.6807
pixel293       0.6089    0.5244    0.6984
pixel294       0.6244    0.5466    0.7066
pixel295       0.6285    0.5539    0.7075
pixel296       0.6265    0.5538    0.7035
pixel297       0.6174    0.5441     0.695
pixel298         0.62    0.5464     0.698
pixel299        0.645    0.5725    0.7218
pixel300       0.6481    0.5758    0.7246
pixel301       0.6241    0.5509    0.7016
pixel302       0.6176    0.5422    0.6974
pixel303       0.6252    0.5496    0.7052
pixel304       0.6265    0.5492    0.7084
pixel305       0.6229    0.5422    0.7083
pixel306       0.6091    0.5221    0.7011
pixel307       0.5814    0.4831    0.6853
pixel308        0.541    0.4278    0.6609
pixel309       0.4999    0.3722     0.635
pixel310       0.4731    0.3349    0.6193
pixel311        0.467    0.3238    0.6185
pixel312       0.4736    0.3282    0.6275
pixel313       0.4728    0.3299    0.6239
pixel314       0.4903    0.3576    0.6307
pixel315       0.5286    0.4129     0.651
pixel316       0.5738    0.4753    0.6781
pixel317        0.609    0.5231    0.6999
pixel318       0.6292    0.5506    0.7124
pixel319       0.6331    0.5583    0.7122
pixel320       0.6211    0.5473    0.6993
pixel321       0.6031    0.5293    0.6811
pixel322       0.6093    0.5365    0.6864
pixel323       0.6334    0.5618    0.7091
pixel324       0.6377    0.5667    0.7128
pixel325       0.6135    0.5419    0.6892
pixel326       0.6035    0.5295    0.6818
pixel327       0.6159    0.5397    0.6965
pixel328       0.6277    0.5497    0.7102
pixel329       0.6254    0.5443    0.7112
pixel330       0.6079    0.5193    0.7016
pixel331       0.5761    0.4763    0.6818
pixel332       0.5349    0.4202    0.6563
pixel333       0.4972    0.3678    0.6341
pixel334       0.4731    0.3331    0.6213
pixel335       0.4685    0.3242    0.6212
pixel336       0.4736    0.3276    0.6281
pixel337       0.4722    0.3286    0.6241
pixel338       0.4851    0.3508    0.6272
pixel339        0.517    0.3985    0.6425
pixel340       0.5582    0.4564    0.6659
pixel341       0.5921    0.5031    0.6862
pixel342       0.6117    0.5306    0.6974
pixel343       0.6128    0.5361     0.694
pixel344       0.5957    0.5207    0.6752
pixel345       0.5772    0.5034    0.6554
pixel346       0.5791    0.5063    0.6561
pixel347       0.5993    0.5261    0.6767
pixel348       0.6025    0.5286    0.6807
pixel349       0.5838    0.5098     0.662
pixel350       0.5782     0.502    0.6589
pixel351       0.5901    0.5132    0.6715
pixel352       0.6056    0.5264    0.6894
pixel353       0.6073     0.524    0.6954
pixel354       0.5908    0.4997    0.6872
pixel355       0.5606    0.4579    0.6692
pixel356       0.5233    0.4059    0.6476
pixel357       0.4896    0.3574    0.6294
pixel358       0.4712    0.3299    0.6206
pixel359       0.4675     0.323    0.6205
pixel360       0.4724    0.3264    0.6269
pixel361       0.4702    0.3251    0.6237
pixel362       0.4791    0.3425    0.6235
pixel363       0.5044    0.3824    0.6335
pixel364       0.5384    0.4323    0.6506
pixel365       0.5679    0.4753    0.6659
pixel366       0.5844    0.5004    0.6733
pixel367       0.5847    0.5063    0.6677
pixel368       0.5741    0.4977    0.6549
pixel369       0.5575    0.4812    0.6383
pixel370        0.544    0.4685    0.6238
pixel371       0.5534    0.4771    0.6341
pixel372       0.5562    0.4783    0.6386
pixel373       0.5475    0.4704    0.6291
pixel374       0.5573    0.4794    0.6396
pixel375       0.5723    0.4946    0.6545
pixel376       0.5804    0.5007    0.6648
pixel377       0.5805    0.4956    0.6703
pixel378        0.567    0.4733    0.6662
pixel379       0.5408    0.4354    0.6523
pixel380       0.5088    0.3884    0.6362
pixel381        0.481    0.3458     0.624
pixel382       0.4681    0.3246      0.62
pixel383       0.4663    0.3217    0.6194
pixel384       0.4711    0.3245    0.6262
pixel385       0.4667    0.3206    0.6211
pixel386       0.4729    0.3336    0.6202
pixel387       0.4919    0.3664    0.6246
pixel388       0.5197    0.4098    0.6361
pixel389       0.5453    0.4492     0.647
pixel390       0.5576    0.4715    0.6487
pixel391       0.5596    0.4807    0.6431
pixel392       0.5588    0.4823    0.6396
pixel393       0.5519    0.4766    0.6316
pixel394       0.5389    0.4646    0.6176
pixel395       0.5368    0.4618    0.6161
pixel396        0.538     0.462    0.6184
pixel397       0.5407     0.465    0.6208
pixel398       0.5515    0.4752    0.6322
pixel399       0.5595    0.4818    0.6418
pixel400       0.5587    0.4783    0.6438
pixel401       0.5551    0.4685    0.6467
pixel402       0.5444     0.448    0.6463
pixel403       0.5225     0.414    0.6374
pixel404       0.4956    0.3716    0.6268
pixel405       0.4728    0.3355    0.6181
pixel406       0.4631    0.3192    0.6155
pixel407       0.4634    0.3183     0.617
pixel408       0.4695    0.3228    0.6248
pixel409       0.4633    0.3169    0.6181
pixel410        0.467    0.3254    0.6168
pixel411       0.4803    0.3512    0.6169
pixel412       0.5044    0.3904    0.6249
pixel413       0.5279    0.4287    0.6328
pixel414       0.5386    0.4509    0.6314
pixel415       0.5359     0.455    0.6216
pixel416       0.5327    0.4569    0.6129
pixel417       0.5303    0.4581    0.6067
pixel418       0.5253    0.4557    0.5989
pixel419       0.5249    0.4562    0.5977
pixel420       0.5256    0.4559    0.5993
pixel421       0.5271    0.4559    0.6024
pixel422       0.5305    0.4564     0.609
pixel423       0.5329    0.4555    0.6147
pixel424       0.5347     0.454      0.62
pixel425        0.536    0.4479    0.6291
pixel426       0.5277    0.4288    0.6323
pixel427       0.5076    0.3952    0.6265
pixel428        0.483    0.3554     0.618
pixel429       0.4647    0.3259    0.6115
pixel430       0.4587    0.3144    0.6114
pixel431       0.4605    0.3158    0.6137
pixel432       0.4676    0.3219    0.6218
pixel433       0.4607    0.3149     0.615
pixel434       0.4607    0.3186     0.611
pixel435       0.4687    0.3362     0.609
pixel436       0.4897    0.3718    0.6144
pixel437       0.5139    0.4112    0.6225
pixel438       0.5265    0.4362    0.6221
pixel439       0.5212    0.4392     0.608
pixel440       0.5068    0.4325    0.5853
pixel441       0.4962    0.4278    0.5686
pixel442       0.4938    0.4287    0.5626
pixel443       0.4979    0.4347    0.5648
pixel444       0.4986    0.4347    0.5661
pixel445       0.4962    0.4302     0.566
pixel446       0.4968    0.4274    0.5703
pixel447       0.5032      0.43    0.5806
pixel448        0.517    0.4362    0.6024
pixel449       0.5231    0.4327    0.6188
pixel450       0.5142    0.4119    0.6225
pixel451       0.4937    0.3774    0.6167
pixel452       0.4709     0.341    0.6083
pixel453       0.4572    0.3178    0.6046
pixel454       0.4545    0.3113    0.6061
pixel455       0.4576     0.315    0.6086
pixel456       0.4654    0.3221    0.6172
pixel457       0.4576    0.3136      0.61
pixel458       0.4545    0.3125    0.6048
pixel459       0.4585    0.3236    0.6012
pixel460       0.4738    0.3526    0.6022
pixel461       0.4975    0.3905    0.6108
pixel462       0.5158     0.421    0.6161
pixel463       0.5165    0.4327    0.6051
pixel464       0.5022    0.4284    0.5802
pixel465       0.4864    0.4201    0.5564
pixel466       0.4827    0.4207    0.5484
pixel467       0.4877    0.4282    0.5506
pixel468       0.4883    0.4287    0.5514
pixel469       0.4854    0.4235    0.5509
pixel470       0.4862    0.4209    0.5553
pixel471       0.4979    0.4253    0.5747
pixel472       0.5113    0.4284    0.5991
pixel473       0.5126    0.4192    0.6114
pixel474       0.4994    0.3932    0.6119
pixel475        0.478    0.3586    0.6044
pixel476       0.4585    0.3276    0.5969
pixel477       0.4502    0.3119    0.5965
pixel478       0.4502    0.3094    0.5992
pixel479       0.4554    0.3148    0.6043
pixel480       0.4635    0.3229    0.6123
pixel481       0.4548    0.3139     0.604
pixel482       0.4497    0.3097    0.5977
pixel483       0.4506    0.3162    0.5929
pixel484       0.4593    0.3357    0.5901
pixel485       0.4785    0.3681    0.5952
pixel486          0.5    0.4006    0.6051
pixel487       0.5103    0.4232    0.6024
pixel488       0.5077    0.4313    0.5884
pixel489       0.4983    0.4291    0.5715
pixel490       0.4938    0.4304    0.5608
pixel491       0.4945    0.4332    0.5595
pixel492       0.4942    0.4326    0.5595
pixel493       0.4932    0.4299    0.5602
pixel494       0.4962    0.4286    0.5677
pixel495       0.5044    0.4289    0.5843
pixel496       0.5068    0.4212    0.5974
pixel497       0.4991    0.4021    0.6018
pixel498       0.4816     0.372    0.5975
pixel499       0.4607    0.3393    0.5891
pixel500       0.4468    0.3165    0.5847
pixel501       0.4431    0.3081    0.5859
pixel502       0.4467    0.3095    0.5919
pixel503       0.4538    0.3172    0.5984
pixel504       0.4608    0.3253    0.6041
pixel505       0.4528    0.3168    0.5967
pixel506       0.4465    0.3112    0.5897
pixel507       0.4436    0.3116    0.5832
pixel508       0.4468    0.3234    0.5773
pixel509       0.4608    0.3487    0.5794
pixel510       0.4817    0.3794    0.5899
pixel511       0.4985    0.4072    0.5951
pixel512       0.5069    0.4255     0.593
pixel513       0.5078     0.434    0.5859
pixel514       0.5061    0.4365    0.5798
pixel515       0.5061    0.4391     0.577
pixel516       0.5056     0.439     0.576
pixel517       0.5065    0.4376    0.5793
pixel518       0.5069    0.4331    0.5851
pixel519       0.5062    0.4246    0.5926
pixel520       0.4973    0.4067    0.5932
pixel521       0.4825    0.3815    0.5893
pixel522       0.4636    0.3518    0.5818
pixel523       0.4469    0.3261    0.5747
pixel524       0.4381    0.3107     0.573
pixel525       0.4379    0.3081    0.5753
pixel526       0.4438    0.3112    0.5842
pixel527        0.451    0.3187     0.591
pixel528       0.4594    0.3301    0.5962
pixel529       0.4519    0.3225    0.5889
pixel530       0.4445    0.3144    0.5821
pixel531       0.4392    0.3121    0.5737
pixel532       0.4379     0.318    0.5648
pixel533       0.4471    0.3354    0.5654
pixel534       0.4646    0.3614    0.5738
pixel535       0.4805    0.3867    0.5797
pixel536       0.4963    0.4104    0.5873
pixel537       0.5062    0.4269      0.59
pixel538       0.5105    0.4354    0.5899
pixel539       0.5114    0.4385    0.5886
pixel540       0.5117    0.4388    0.5889
pixel541       0.5119    0.4361    0.5921
pixel542       0.5078    0.4275    0.5928
pixel543       0.4985    0.4114    0.5908
pixel544       0.4827    0.3877    0.5832
pixel545       0.4648    0.3617    0.5739
pixel546       0.4484    0.3371    0.5663
pixel547       0.4378    0.3198    0.5627
pixel548        0.433    0.3106    0.5626
pixel549       0.4352    0.3102    0.5673
pixel550       0.4411    0.3144    0.5751
pixel551       0.4482    0.3216    0.5821
pixel552       0.4592    0.3353    0.5902
pixel553        0.451    0.3275    0.5816
pixel554       0.4431    0.3199    0.5734
pixel555       0.4379    0.3165    0.5664
pixel556       0.4353    0.3193     0.558
pixel557       0.4388    0.3292    0.5548
pixel558       0.4504    0.3473    0.5595
pixel559       0.4633    0.3679    0.5643
pixel560       0.4781    0.3887    0.5727
pixel561       0.4912    0.4077    0.5795
pixel562       0.4986    0.4184    0.5833
pixel563       0.5012    0.4227    0.5843
pixel564       0.5019    0.4232    0.5851
pixel565       0.5001    0.4197    0.5851
pixel566       0.4941    0.4099    0.5833
pixel567       0.4816    0.3908    0.5775
pixel568       0.4655    0.3687    0.5679
pixel569       0.4505    0.3476    0.5594
pixel570       0.4389    0.3301    0.5539
pixel571       0.4332    0.3192    0.5539
pixel572       0.4315    0.3147    0.5552
pixel573       0.4349    0.3157    0.5609
pixel574       0.4403      0.32    0.5676
pixel575       0.4473    0.3264    0.5752


Clustered Instances

0      18450 ( 51%)
1      17437 ( 49%)


Class attribute: emotion
Classes to Clusters:

     0     1  <-- assigned to cluster
 16327 14439 | other
  2123  2998 | fear

Cluster 0 <-- other
Cluster 1 <-- fear

Incorrectly clustered instances :	16562.0	 46.1504 %

Classes to clusters
[0 1]
Clustered data in 0.3218376636505127 secs.
