
FarthestFirst
==============

Cluster centroids:

Cluster 0
	 0.646078431372549 0.4294117647058823 0.12549019607843137 0.12450980392156863 0.22549019607843138 0.18725490196078431 0.5637254901960784 0.5784313725490197 0.2 0.17647058823529413 0.7156862745098039 0.08333333333333333 0.6568627450980392 0.6607843137254902
Cluster 1
	 0.3205882352941176 0.8186274509803921 0.9911764705882353 0.973529411764706 1.0 1.0 0.7284313725490197 0.5843137254901961 1.0 1.0 0.10196078431372549 1.0 0.08529411764705883 0.061764705882352944
Cluster 2
	 0.9656862745098038 0.9264705882352942 0.961764705882353 0.9764705882352941 0.7117647058823529 0.8382352941176471 0.9843137254901961 0.9745098039215687 0.9558823529411764 0.8372549019607843 0.9647058823529412 0.05392156862745098 0.9941176470588236 0.9892156862745098
Cluster 3
	 0.9294117647058824 0.6441176470588235 0.09313725490196079 0.19509803921568628 1.0 1.0 0.17352941176470588 0.11960784313725491 0.9901960784313726 1.0 0.819607843137255 0.9970588235294118 0.9029411764705882 0.9225490196078431
Cluster 4
	 0.892156862745098 0.8264705882352942 1.0 1.0 0.00392156862745098 0.00392156862745098 0.20784313725490194 0.1411764705882353 0.00392156862745098 0.00392156862745098 0.9803921568627452 0.9519607843137255 0.0058823529411764705 0.2196078431372549
Cluster 5
	 0.08725490196078431 0.573529411764706 0.050980392156862744 0.023529411764705882 0.9245098039215686 0.8892156862745098 0.14705882352941174 0.023529411764705882 0.21764705882352942 0.9980392156862745 0.00392156862745098 0.32745098039215687 0.08137254901960785 0.08235294117647059
Cluster 6
	 0.012745098039215686 0.058823529411764705 1.0 1.0 0.507843137254902 0.3833333333333333 0.9313725490196079 0.9166666666666666 0.8294117647058823 0.00392156862745098 0.9941176470588236 0.5078431372549019 0.42647058823529416 0.0058823529411764705
Cluster 7
	 0.5980392156862745 0.10098039215686275 0.7607843137254902 0.8156862745098039 0.060784313725490195 0.048039215686274506 0.03431372549019608 0.012745098039215686 0.9362745098039216 0.9156862745098039 0.11862745098039217 0.00784313725490196 0.7421568627450981 0.8450980392156864
Cluster 8
	 0.0 1.0 0.0 0.0 0.0 0.0 0.027450980392156862 0.027450980392156862 0.0 0.0 0.0 0.0 0.0 0.0
Cluster 9
	 0.6892156862745098 0.6147058823529412 0.9676470588235294 0.26176470588235295 0.9696078431372549 0.9715686274509804 0.8088235294117647 0.8254901960784313 0.06470588235294118 0.05980392156862745 0.5343137254901961 0.95 0.6519607843137255 0.6627450980392157
Cluster 10
	 0.5803921568627451 0.9980392156862745 1.0 1.0 0.03333333333333333 0.03333333333333333 0.9970588235294118 0.865686274509804 0.021568627450980392 0.15098039215686276 0.9470588235294118 0.7911764705882353 0.9274509803921569 0.9931372549019608
Cluster 11
	 0.5205882352941177 0.12745098039215685 0.557843137254902 0.7088235294117647 0.9558823529411765 0.9509803921568627 0.049019607843137254 0.9098039215686274 0.8284313725490196 0.9137254901960784 0.9127450980392157 0.21176470588235297 0.2107843137254902 0.6666666666666667
Cluster 12
	 0.6019607843137255 0.8490196078431372 0.036274509803921565 0.042156862745098035 0.8392156862745098 0.8215686274509804 0.8049019607843138 0.8362745098039216 0.9823529411764707 0.9450980392156862 0.03823529411764706 0.059803921568627454 0.5833333333333334 0.5901960784313726
Cluster 13
	 0.11274509803921569 0.14215686274509803 0.7519607843137254 0.42843137254901964 0.028431372549019607 0.028431372549019607 0.07254901960784313 0.08235294117647059 0.8274509803921568 0.6911764705882353 0.8117647058823529 0.7519607843137255 0.054901960784313725 0.040196078431372545
Cluster 14
	 0.5009803921568627 0.3950980392156863 0.4852941176470588 0.4970588235294118 0.2774509803921569 0.25 0.9098039215686274 0.95 0.9794117647058824 0.9941176470588236 0.7588235294117647 0.8941176470588235 0.5598039215686275 0.6431372549019608

Clusterer Built in 0.15812182426452637 secs.

Clustering data.
Cluster results

FarthestFirst
==============

Cluster centroids:

Cluster 0
	 0.646078431372549 0.4294117647058823 0.12549019607843137 0.12450980392156863 0.22549019607843138 0.18725490196078431 0.5637254901960784 0.5784313725490197 0.2 0.17647058823529413 0.7156862745098039 0.08333333333333333 0.6568627450980392 0.6607843137254902
Cluster 1
	 0.3205882352941176 0.8186274509803921 0.9911764705882353 0.973529411764706 1.0 1.0 0.7284313725490197 0.5843137254901961 1.0 1.0 0.10196078431372549 1.0 0.08529411764705883 0.061764705882352944
Cluster 2
	 0.9656862745098038 0.9264705882352942 0.961764705882353 0.9764705882352941 0.7117647058823529 0.8382352941176471 0.9843137254901961 0.9745098039215687 0.9558823529411764 0.8372549019607843 0.9647058823529412 0.05392156862745098 0.9941176470588236 0.9892156862745098
Cluster 3
	 0.9294117647058824 0.6441176470588235 0.09313725490196079 0.19509803921568628 1.0 1.0 0.17352941176470588 0.11960784313725491 0.9901960784313726 1.0 0.819607843137255 0.9970588235294118 0.9029411764705882 0.9225490196078431
Cluster 4
	 0.892156862745098 0.8264705882352942 1.0 1.0 0.00392156862745098 0.00392156862745098 0.20784313725490194 0.1411764705882353 0.00392156862745098 0.00392156862745098 0.9803921568627452 0.9519607843137255 0.0058823529411764705 0.2196078431372549
Cluster 5
	 0.08725490196078431 0.573529411764706 0.050980392156862744 0.023529411764705882 0.9245098039215686 0.8892156862745098 0.14705882352941174 0.023529411764705882 0.21764705882352942 0.9980392156862745 0.00392156862745098 0.32745098039215687 0.08137254901960785 0.08235294117647059
Cluster 6
	 0.012745098039215686 0.058823529411764705 1.0 1.0 0.507843137254902 0.3833333333333333 0.9313725490196079 0.9166666666666666 0.8294117647058823 0.00392156862745098 0.9941176470588236 0.5078431372549019 0.42647058823529416 0.0058823529411764705
Cluster 7
	 0.5980392156862745 0.10098039215686275 0.7607843137254902 0.8156862745098039 0.060784313725490195 0.048039215686274506 0.03431372549019608 0.012745098039215686 0.9362745098039216 0.9156862745098039 0.11862745098039217 0.00784313725490196 0.7421568627450981 0.8450980392156864
Cluster 8
	 0.0 1.0 0.0 0.0 0.0 0.0 0.027450980392156862 0.027450980392156862 0.0 0.0 0.0 0.0 0.0 0.0
Cluster 9
	 0.6892156862745098 0.6147058823529412 0.9676470588235294 0.26176470588235295 0.9696078431372549 0.9715686274509804 0.8088235294117647 0.8254901960784313 0.06470588235294118 0.05980392156862745 0.5343137254901961 0.95 0.6519607843137255 0.6627450980392157
Cluster 10
	 0.5803921568627451 0.9980392156862745 1.0 1.0 0.03333333333333333 0.03333333333333333 0.9970588235294118 0.865686274509804 0.021568627450980392 0.15098039215686276 0.9470588235294118 0.7911764705882353 0.9274509803921569 0.9931372549019608
Cluster 11
	 0.5205882352941177 0.12745098039215685 0.557843137254902 0.7088235294117647 0.9558823529411765 0.9509803921568627 0.049019607843137254 0.9098039215686274 0.8284313725490196 0.9137254901960784 0.9127450980392157 0.21176470588235297 0.2107843137254902 0.6666666666666667
Cluster 12
	 0.6019607843137255 0.8490196078431372 0.036274509803921565 0.042156862745098035 0.8392156862745098 0.8215686274509804 0.8049019607843138 0.8362745098039216 0.9823529411764707 0.9450980392156862 0.03823529411764706 0.059803921568627454 0.5833333333333334 0.5901960784313726
Cluster 13
	 0.11274509803921569 0.14215686274509803 0.7519607843137254 0.42843137254901964 0.028431372549019607 0.028431372549019607 0.07254901960784313 0.08235294117647059 0.8274509803921568 0.6911764705882353 0.8117647058823529 0.7519607843137255 0.054901960784313725 0.040196078431372545
Cluster 14
	 0.5009803921568627 0.3950980392156863 0.4852941176470588 0.4970588235294118 0.2774509803921569 0.25 0.9098039215686274 0.95 0.9794117647058824 0.9941176470588236 0.7588235294117647 0.8941176470588235 0.5598039215686275 0.6431372549019608

Clustered Instances

 0      16848 ( 47%)
 1        520 (  1%)
 2       2790 (  8%)
 3       1533 (  4%)
 4        402 (  1%)
 5        810 (  2%)
 6        166 (  0%)
 7        728 (  2%)
 8        552 (  2%)
 9       2599 (  7%)
10       1647 (  5%)
11       1982 (  6%)
12        648 (  2%)
13       1209 (  3%)
14       3453 ( 10%)


Class attribute: emotion
Classes to Clusters:

    0    1    2    3    4    5    6    7    8    9   10   11   12   13   14  <-- assigned to cluster
 2121   89  285  173   64  130   50  146  104  376  166  404   82  238  525 | angry
  232    7   55   13    6   16    4   11    3   55   36   43    7   18   41 | disgust
 1996   86  461  268   65  118   25  116   62  522  241  334  120  176  531 | fear
 4574  149  726  204   69  170   55   81   88  480  466  464  130  282 1051 | happy
 3477   59  481  145   65  153   11   88  104  427  313  199  108  139  429 | neutral
 2965  101  323  161   63  184   16  183  166  328  217  361  138  292  579 | sad
 1483   29  459  569   70   39    5  103   25  411  208  177   63   64  297 | surprise

Cluster  0 <-- happy
Cluster  1 <-- No class
Cluster  2 <-- neutral
Cluster  3 <-- surprise
Cluster  4 <-- No class
Cluster  5 <-- No class
Cluster  6 <-- No class
Cluster  7 <-- No class
Cluster  8 <-- No class
Cluster  9 <-- fear
Cluster 10 <-- disgust
Cluster 11 <-- angry
Cluster 12 <-- No class
Cluster 13 <-- No class
Cluster 14 <-- sad

Incorrectly clustered instances :	28722.0	 80.0346 %

Classes to clusters
[ 3 -1  4  6 -1 -1 -1 -1 -1  2  1  0 -1 -1  5]
Clustered data in 7.587546110153198 secs.
