
FarthestFirst
==============

Cluster centroids:

Cluster 0
	 0.646078431372549 0.4294117647058823 0.12549019607843137 0.12450980392156863 0.22549019607843138 0.18725490196078431 0.5637254901960784 0.5784313725490197 0.2 0.17647058823529413 0.7156862745098039 0.08333333333333333 0.6568627450980392 0.6607843137254902
Cluster 1
	 0.3205882352941176 0.8186274509803921 0.9911764705882353 0.973529411764706 1.0 1.0 0.7284313725490197 0.5843137254901961 1.0 1.0 0.10196078431372549 1.0 0.08529411764705883 0.061764705882352944
Cluster 2
	 0.9656862745098038 0.9264705882352942 0.961764705882353 0.9764705882352941 0.7117647058823529 0.8382352941176471 0.9843137254901961 0.9745098039215687 0.9558823529411764 0.8372549019607843 0.9647058823529412 0.05392156862745098 0.9941176470588236 0.9892156862745098
Cluster 3
	 0.9294117647058824 0.6441176470588235 0.09313725490196079 0.19509803921568628 1.0 1.0 0.17352941176470588 0.11960784313725491 0.9901960784313726 1.0 0.819607843137255 0.9970588235294118 0.9029411764705882 0.9225490196078431

Clusterer Built in 0.11890339851379395 secs.

Clustering data.
Cluster results

FarthestFirst
==============

Cluster centroids:

Cluster 0
	 0.646078431372549 0.4294117647058823 0.12549019607843137 0.12450980392156863 0.22549019607843138 0.18725490196078431 0.5637254901960784 0.5784313725490197 0.2 0.17647058823529413 0.7156862745098039 0.08333333333333333 0.6568627450980392 0.6607843137254902
Cluster 1
	 0.3205882352941176 0.8186274509803921 0.9911764705882353 0.973529411764706 1.0 1.0 0.7284313725490197 0.5843137254901961 1.0 1.0 0.10196078431372549 1.0 0.08529411764705883 0.061764705882352944
Cluster 2
	 0.9656862745098038 0.9264705882352942 0.961764705882353 0.9764705882352941 0.7117647058823529 0.8382352941176471 0.9843137254901961 0.9745098039215687 0.9558823529411764 0.8372549019607843 0.9647058823529412 0.05392156862745098 0.9941176470588236 0.9892156862745098
Cluster 3
	 0.9294117647058824 0.6441176470588235 0.09313725490196079 0.19509803921568628 1.0 1.0 0.17352941176470588 0.11960784313725491 0.9901960784313726 1.0 0.819607843137255 0.9970588235294118 0.9029411764705882 0.9225490196078431

Clustered Instances

0      25092 ( 70%)
1       1929 (  5%)
2       5420 ( 15%)
3       3446 ( 10%)


Class attribute: emotion
Classes to Clusters:

    0    1    2    3  <-- assigned to cluster
 3462  362  660  469 | angry
  375   32  103   37 | disgust
 3214  321  891  695 | fear
 6514  517 1446  512 | happy
 4731  226  854  387 | neutral
 4563  365  704  445 | sad
 2233  106  762  901 | surprise

Cluster 0 <-- happy
Cluster 1 <-- sad
Cluster 2 <-- fear
Cluster 3 <-- surprise

Incorrectly clustered instances :	27216.0	 75.838  %

Classes to clusters
[3 5 2 6]
Clustered data in 0.12939190864562988 secs.
