
FarthestFirst
==============

Cluster centroids:

Cluster 0
	 0.646078431372549 0.4294117647058823 0.12549019607843137 0.12450980392156863 0.22549019607843138 0.18725490196078431 0.5637254901960784 0.5784313725490197 0.2 0.17647058823529413 0.7156862745098039 0.08333333333333333 0.6568627450980392 0.6607843137254902
Cluster 1
	 0.3205882352941176 0.8186274509803921 0.9911764705882353 0.973529411764706 1.0 1.0 0.7284313725490197 0.5843137254901961 1.0 1.0 0.10196078431372549 1.0 0.08529411764705883 0.061764705882352944
Cluster 2
	 0.9656862745098038 0.9264705882352942 0.961764705882353 0.9764705882352941 0.7117647058823529 0.8382352941176471 0.9843137254901961 0.9745098039215687 0.9558823529411764 0.8372549019607843 0.9647058823529412 0.05392156862745098 0.9941176470588236 0.9892156862745098
Cluster 3
	 0.9294117647058824 0.6441176470588235 0.09313725490196079 0.19509803921568628 1.0 1.0 0.17352941176470588 0.11960784313725491 0.9901960784313726 1.0 0.819607843137255 0.9970588235294118 0.9029411764705882 0.9225490196078431
Cluster 4
	 0.892156862745098 0.8264705882352942 1.0 1.0 0.00392156862745098 0.00392156862745098 0.20784313725490194 0.1411764705882353 0.00392156862745098 0.00392156862745098 0.9803921568627452 0.9519607843137255 0.0058823529411764705 0.2196078431372549
Cluster 5
	 0.08725490196078431 0.573529411764706 0.050980392156862744 0.023529411764705882 0.9245098039215686 0.8892156862745098 0.14705882352941174 0.023529411764705882 0.21764705882352942 0.9980392156862745 0.00392156862745098 0.32745098039215687 0.08137254901960785 0.08235294117647059
Cluster 6
	 0.012745098039215686 0.058823529411764705 1.0 1.0 0.507843137254902 0.3833333333333333 0.9313725490196079 0.9166666666666666 0.8294117647058823 0.00392156862745098 0.9941176470588236 0.5078431372549019 0.42647058823529416 0.0058823529411764705
Cluster 7
	 0.5980392156862745 0.10098039215686275 0.7607843137254902 0.8156862745098039 0.060784313725490195 0.048039215686274506 0.03431372549019608 0.012745098039215686 0.9362745098039216 0.9156862745098039 0.11862745098039217 0.00784313725490196 0.7421568627450981 0.8450980392156864
Cluster 8
	 0.0 1.0 0.0 0.0 0.0 0.0 0.027450980392156862 0.027450980392156862 0.0 0.0 0.0 0.0 0.0 0.0
Cluster 9
	 0.6892156862745098 0.6147058823529412 0.9676470588235294 0.26176470588235295 0.9696078431372549 0.9715686274509804 0.8088235294117647 0.8254901960784313 0.06470588235294118 0.05980392156862745 0.5343137254901961 0.95 0.6519607843137255 0.6627450980392157

Clusterer Built in 0.042435407638549805 secs.

Clustering data.
Cluster results

FarthestFirst
==============

Cluster centroids:

Cluster 0
	 0.646078431372549 0.4294117647058823 0.12549019607843137 0.12450980392156863 0.22549019607843138 0.18725490196078431 0.5637254901960784 0.5784313725490197 0.2 0.17647058823529413 0.7156862745098039 0.08333333333333333 0.6568627450980392 0.6607843137254902
Cluster 1
	 0.3205882352941176 0.8186274509803921 0.9911764705882353 0.973529411764706 1.0 1.0 0.7284313725490197 0.5843137254901961 1.0 1.0 0.10196078431372549 1.0 0.08529411764705883 0.061764705882352944
Cluster 2
	 0.9656862745098038 0.9264705882352942 0.961764705882353 0.9764705882352941 0.7117647058823529 0.8382352941176471 0.9843137254901961 0.9745098039215687 0.9558823529411764 0.8372549019607843 0.9647058823529412 0.05392156862745098 0.9941176470588236 0.9892156862745098
Cluster 3
	 0.9294117647058824 0.6441176470588235 0.09313725490196079 0.19509803921568628 1.0 1.0 0.17352941176470588 0.11960784313725491 0.9901960784313726 1.0 0.819607843137255 0.9970588235294118 0.9029411764705882 0.9225490196078431
Cluster 4
	 0.892156862745098 0.8264705882352942 1.0 1.0 0.00392156862745098 0.00392156862745098 0.20784313725490194 0.1411764705882353 0.00392156862745098 0.00392156862745098 0.9803921568627452 0.9519607843137255 0.0058823529411764705 0.2196078431372549
Cluster 5
	 0.08725490196078431 0.573529411764706 0.050980392156862744 0.023529411764705882 0.9245098039215686 0.8892156862745098 0.14705882352941174 0.023529411764705882 0.21764705882352942 0.9980392156862745 0.00392156862745098 0.32745098039215687 0.08137254901960785 0.08235294117647059
Cluster 6
	 0.012745098039215686 0.058823529411764705 1.0 1.0 0.507843137254902 0.3833333333333333 0.9313725490196079 0.9166666666666666 0.8294117647058823 0.00392156862745098 0.9941176470588236 0.5078431372549019 0.42647058823529416 0.0058823529411764705
Cluster 7
	 0.5980392156862745 0.10098039215686275 0.7607843137254902 0.8156862745098039 0.060784313725490195 0.048039215686274506 0.03431372549019608 0.012745098039215686 0.9362745098039216 0.9156862745098039 0.11862745098039217 0.00784313725490196 0.7421568627450981 0.8450980392156864
Cluster 8
	 0.0 1.0 0.0 0.0 0.0 0.0 0.027450980392156862 0.027450980392156862 0.0 0.0 0.0 0.0 0.0 0.0
Cluster 9
	 0.6892156862745098 0.6147058823529412 0.9676470588235294 0.26176470588235295 0.9696078431372549 0.9715686274509804 0.8088235294117647 0.8254901960784313 0.06470588235294118 0.05980392156862745 0.5343137254901961 0.95 0.6519607843137255 0.6627450980392157

Clustered Instances

 0      19941 ( 56%)
 1       1112 (  3%)
 2       4352 ( 12%)
 3       2376 (  7%)
 4        833 (  2%)
 5       1207 (  3%)
 6        387 (  1%)
 7       1313 (  4%)
 8        611 (  2%)
 9       3755 ( 10%)


Class attribute: emotion
Classes to Clusters:

    0    1    2    3    4    5    6    7    8    9  <-- assigned to cluster
 2573  198  488  317  123  198  106  270  115  565 | angry
  279   17   83   24   21   25    7   13    4   74 | disgust
 2460  176  709  427  131  173   54  187   70  734 | fear
 5444  313 1164  361  170  264  145  226  101  801 | happy
 3941  126  700  243  123  196   31  160  114  564 | neutral
 3507  216  585  315  133  288   36  317  178  502 | sad
 1737   66  623  689  132   63    8  140   29  515 | surprise

Cluster  0 <-- happy
Cluster  1 <-- No class
Cluster  2 <-- neutral
Cluster  3 <-- surprise
Cluster  4 <-- disgust
Cluster  5 <-- sad
Cluster  6 <-- No class
Cluster  7 <-- angry
Cluster  8 <-- No class
Cluster  9 <-- fear

Incorrectly clustered instances :	27741.0	 77.301  %

Classes to clusters
[ 3 -1  4  6  1  5 -1  0 -1  2]
Clustered data in 0.23233294486999512 secs.
