
kMeans
======

Number of iterations: 157
Within cluster sum of squared errors: 76449.33415689859

Initial starting points (random):

Cluster 0: 0.413725,0.721569,0.258824,0.327451,0.427451,0.282353,0.690196,0.318627,0.452941,0.760784,0.692157,0.59902,0.681373,0.534314,0.807843,0.782353,0.782353,0.803922,0.75098,0.812745,0.135294,0.146078,0.84902,0.254902,0.151961,0.25098,0.85098,0.855882,0.848039,0.135294,0.528431,0.345098,0.448039,0.352941,0.554902,0.477451,0.320588,0.312745,0.305882,0.270588,0.311765,0.268627,0.594118,0.229412,0.168627,0.64902,0.34902,0.241176,0.226471,0.418627,0.612745,0.595098,0.560784,0.629412,0.544118,0.590196,0.538235,0.518627,0.618627,0.571569,0.42549,0.501961,0.413725,0.458824,0.544118,0.535294,0.518627,0.468627,0.327451,0.309804
Cluster 1: 0.581373,0.755882,0.647059,0.565686,0.411765,0.603922,0.780392,0.393137,0.726471,0.728431,0.055882,0.105882,0.083333,0.111765,0.032353,0.784314,0.820588,0.739216,0.864706,0.619608,0.09902,0.106863,0.60098,0.085294,0.170588,0.193137,0.772549,0.64902,0.506863,0.097059,0.596078,0.60098,0.611765,0.641176,0.652941,0.682353,0.696078,0.636275,0.598039,0.586275,0.022549,0.020588,0.019608,0.028431,0.029412,0.059804,0.026471,0.029412,0.028431,0.801961,0.763725,0.79902,0.791176,0.698039,0.741176,0.853922,0.914706,0.779412,0.759804,0.852941,0.512745,0.512745,0.581373,0.744118,0.741176,0.776471,0.779412,0.37451,0.565686,0.467647
Cluster 2: 0.787255,0.730392,0.77451,0.782353,0.780392,0.27451,0.751961,0.744118,0.654902,0.731373,0.687255,0.723529,0.706863,0.732353,0.664706,0.482353,0.611765,0.520588,0.638235,0.671569,0.181373,0.162745,0.402941,0.144118,0.173529,0.159804,0.366667,0.356863,0.187255,0.164706,0.384314,0.65098,0.646078,0.698039,0.315686,0.670588,0.651961,0.731373,0.713725,0.734314,0.728431,0.552941,0.246078,0.443137,0.255882,0.315686,0.728431,0.714706,0.714706,0.737255,0.696078,0.577451,0.719608,0.638235,0.692157,0.734314,0.751961,0.661765,0.609804,0.732353,0.760784,0.772549,0.787255,0.708824,0.692157,0.715686,0.661765,0.727451,0.782353,0.722549
Cluster 3: 0.593137,0.535294,0.568627,0.583333,0.539216,0.556863,0.604902,0.464706,0.389216,0.468627,0.217647,0.273529,0.244118,0.298039,0.188235,0.305882,0.346078,0.273529,0.4,0.233333,0.157843,0.187255,0.056863,0.147059,0.170588,0.134314,0.078431,0.113725,0.190196,0.133333,0.568627,0.541176,0.72451,0.616667,0.567647,0.633333,0.686275,0.562745,0.595098,0.490196,0.147059,0.106863,0.062745,0.083333,0.105882,0.035294,0.209804,0.137255,0.15,0.287255,0.722549,0.723529,0.643137,0.633333,0.729412,0.716667,0.647059,0.698039,0.701961,0.640196,0.565686,0.538235,0.593137,0.70098,0.729412,0.644118,0.698039,0.535294,0.583333,0.565686
Cluster 4: 0.677451,0.887255,0.592157,0.629412,0.758824,0.832353,0.896078,0.6,0.733333,0.87549,0.672549,0.682353,0.686275,0.688235,0.629412,0.751961,0.77549,0.748039,0.769608,0.708824,0.001961,0.001961,0.347059,0.007843,0.061765,0.034314,0.145098,0.034314,0.011765,0.00098,0.447059,0.387255,0.723529,0.74902,0.446078,0.730392,0.683333,0.758824,0.734314,0.436275,0.00098,0,0.013725,0,0,0.00098,0.060784,0,0,0.486275,0.788235,0.769608,0.784314,0.792157,0.791176,0.772549,0.756863,0.790196,0.470588,0.776471,0.782353,0.827451,0.677451,0.776471,0.791176,0.817647,0.790196,0.819608,0.629412,0.737255
Cluster 5: 0.839216,0.661765,0.721569,0.838235,0.865686,0.784314,0.631373,0.727451,0.851961,0.59902,0.766667,0.844118,0.821569,0.85098,0.732353,0.771569,0.746078,0.75098,0.756863,0.740196,0.885294,0.890196,0.785294,0.922549,0.908824,0.921569,0.858824,0.89902,0.914706,0.911765,0.72549,0.742157,0.681373,0.769608,0.64902,0.623529,0.669608,0.794118,0.766667,0.778431,0.859804,0.782353,0.816667,0.768627,0.745098,0.753922,0.914706,0.804902,0.771569,0.926471,0.82549,0.763725,0.805882,0.791176,0.818627,0.860784,0.868627,0.787255,0.752941,0.830392,0.883333,0.891176,0.839216,0.779412,0.818627,0.844118,0.787255,0.878431,0.838235,0.870588
Cluster 6: 0.555882,0.752941,0.472549,0.710784,0.554902,0.70098,0.713725,0.314706,0.688235,0.709804,0.07549,0.095098,0.082353,0.055882,0.062745,0.081373,0.160784,0.04902,0.210784,0.021569,0.6,0.517647,0.69902,0.703922,0.636275,0.678431,0.756863,0.779412,0.785294,0.561765,0.29902,0.537255,0.536275,0.47549,0.239216,0.568627,0.452941,0.360784,0.398039,0.579412,0.004902,0.631373,0.05,0.608824,0.54902,0.07549,0.036275,0.2,0.692157,0.011765,0.667647,0.72451,0.414706,0.523529,0.726471,0.639216,0.383333,0.75,0.739216,0.310784,0.733333,0.666667,0.555882,0.730392,0.726471,0.730392,0.75,0.708824,0.710784,0.659804

Missing values globally replaced with mean/mode

Final cluster centroids:
                         Cluster#
Attribute    Full Data          0          1          2          3          4          5          6
             (35887.0)   (5468.0)   (4576.0)   (6168.0)   (4579.0)   (4976.0)   (5929.0)   (4191.0)
===================================================================================================
pixel0          0.5957     0.4992     0.6679     0.7313     0.3482     0.4967     0.7426     0.6236
pixel1          0.5901     0.5477     0.6274     0.7187     0.3691     0.5363      0.713     0.5472
pixel2          0.5772     0.4959     0.6428     0.6858     0.3477     0.4766     0.7239     0.6147
pixel3          0.5741     0.4779     0.6476     0.7057     0.3348      0.469     0.7226     0.6021
pixel4          0.6211     0.5321     0.6861     0.7555     0.3729     0.5321     0.7639     0.6435
pixel5           0.538     0.4787     0.5923      0.647     0.3267     0.4612     0.6668     0.5354
pixel6          0.6159     0.5789     0.6487     0.7449     0.3912     0.5693     0.7387     0.5654
pixel7          0.6031     0.5282     0.6648     0.7125     0.3704     0.5067     0.7471      0.637
pixel8          0.6414     0.6035     0.6668     0.7508     0.4118     0.5831     0.7704     0.6394
pixel9          0.5782     0.5444     0.6128     0.6878     0.3716     0.5211     0.7004     0.5439
pixel10         0.5197     0.6501     0.2106     0.6802     0.2753     0.5616     0.7465     0.3472
pixel11         0.5338     0.6441     0.2375     0.7015     0.2807      0.569     0.7586     0.3833
pixel12         0.5289     0.6495     0.2208     0.6972     0.2792     0.5716     0.7547     0.3636
pixel13         0.5344     0.6359     0.2522     0.6938     0.2818     0.5572      0.759     0.4065
pixel14         0.5052     0.6477     0.2057     0.6455     0.2721     0.5374     0.7315     0.3357
pixel15          0.556     0.6499     0.2814     0.7418     0.2962      0.607      0.765     0.3875
pixel16          0.561      0.633     0.3387     0.7384     0.3085     0.5986     0.7537     0.4072
pixel17         0.5393      0.649     0.2606     0.7128     0.2889     0.5858     0.7515     0.3634
pixel18         0.5782     0.6343     0.3712     0.7633     0.3161     0.6157     0.7665     0.4344
pixel19         0.5165     0.6411      0.246     0.6633     0.2819     0.5478     0.7318      0.348
pixel20         0.4493     0.5258     0.2739     0.3163     0.2899      0.217     0.7486     0.7632
pixel21         0.4565     0.5298     0.2868     0.3304     0.2961      0.223     0.7517     0.7666
pixel22         0.4518     0.6265     0.3229      0.382     0.3246     0.2953     0.6958     0.4467
pixel23         0.4606      0.522     0.3098     0.3639     0.2921     0.2465     0.7369     0.7346
pixel24           0.44     0.5118     0.2706     0.3236     0.2767      0.223     0.7293     0.7294
pixel25         0.4506     0.5172     0.2892     0.3419     0.2847     0.2332     0.7359     0.7361
pixel26          0.444     0.6252      0.313     0.3686     0.3185     0.2835     0.6943     0.4349
pixel27         0.4376      0.624      0.305     0.3574     0.3133     0.2743      0.692     0.4273
pixel28         0.4341     0.6212     0.3001     0.3523     0.3105     0.2708     0.6896     0.4241
pixel29         0.4631     0.5313     0.3026     0.3483     0.3009      0.234     0.7492     0.7627
pixel30         0.4883     0.4161     0.5436     0.6038     0.2979     0.4247     0.5984     0.4801
pixel31         0.4877     0.4083     0.5459     0.6021     0.2958     0.4153     0.6006     0.4949
pixel32         0.4942     0.4213     0.5575     0.6093     0.2986     0.4234     0.6107     0.4842
pixel33         0.4945     0.4123     0.5606     0.6079     0.2971     0.4186     0.6156     0.4975
pixel34         0.4854     0.4264     0.5329     0.5948     0.2993     0.4287     0.5948     0.4653
pixel35         0.4932     0.4321     0.5496     0.6037     0.3036     0.4282      0.606     0.4733
pixel36         0.5056     0.4322     0.5644     0.6259     0.3019     0.4366     0.6276      0.492
pixel37         0.4938     0.4072     0.5615     0.6031     0.2948     0.4104     0.6191     0.5107
pixel38         0.5061     0.4254     0.5689     0.6243     0.2991     0.4284     0.6329     0.5079
pixel39         0.4827     0.4005     0.5452     0.5889     0.2907     0.4007     0.6028     0.5029
pixel40         0.4432     0.5607     0.2183     0.4289     0.2479     0.3261     0.7045      0.539
pixel41         0.4144     0.5231     0.2125     0.3004     0.2458      0.224     0.7037     0.6617
pixel42         0.4157     0.6069     0.2334      0.382     0.2686     0.3231     0.6555     0.3466
pixel43         0.4184     0.5295     0.2154     0.2973      0.253     0.2239     0.7092     0.6733
pixel44         0.4239     0.5347     0.2304     0.3017     0.2612     0.2292       0.71     0.6745
pixel45         0.4146     0.6084     0.2382     0.3669      0.273      0.309     0.6557     0.3636
pixel46          0.467      0.575     0.2328     0.4984     0.2572      0.381     0.7186     0.5114
pixel47         0.4255     0.5478     0.2076     0.3643     0.2445     0.2784     0.6963     0.5835
pixel48         0.4196     0.5353     0.2089     0.3347     0.2434     0.2505     0.6988     0.6219
pixel49         0.5217     0.5882     0.3084     0.6318     0.2806      0.476     0.7494     0.5018
pixel50          0.612     0.5392     0.6439     0.7725     0.3288     0.5643     0.7649     0.5852
pixel51         0.6115     0.5467     0.6381     0.7724     0.3315     0.5687     0.7628      0.573
pixel52         0.6235     0.5628     0.6235     0.7913     0.3393     0.5942     0.7779     0.5825
pixel53         0.6222     0.5679     0.6159     0.7908     0.3404     0.5994     0.7757     0.5695
pixel54         0.5936     0.5235     0.6405     0.7421     0.3154     0.5242     0.7493     0.5809
pixel55         0.5928     0.5197     0.6224     0.7444     0.3186      0.537     0.7447     0.5838
pixel56         0.6148     0.5515     0.6143     0.7792     0.3363     0.5769     0.7685     0.5875
pixel57         0.5935      0.533     0.6339     0.7417     0.3219     0.5306     0.7474     0.5643
pixel58         0.5899     0.5361     0.6029     0.7436     0.3269     0.5484     0.7398     0.5445
pixel59         0.6213     0.5841     0.5775     0.7916     0.3402     0.6059     0.7812     0.5657
pixel60         0.5847       0.49     0.6515     0.7219     0.3397     0.4845     0.7319     0.6118
pixel61         0.6128     0.5184     0.6783     0.7527     0.3605     0.5216     0.7584     0.6367
pixel62         0.5957     0.4992     0.6679     0.7313     0.3482     0.4967     0.7426     0.6236
pixel63         0.5871     0.5305     0.6281     0.7214     0.3238     0.5087     0.7412     0.5815
pixel64         0.5936     0.5235     0.6405     0.7421     0.3154     0.5242     0.7493     0.5809
pixel65         0.5892     0.5443     0.6228     0.7247     0.3339      0.518     0.7404     0.5613
pixel66         0.5935      0.533     0.6339     0.7417     0.3219     0.5306     0.7474     0.5643
pixel67         0.5844     0.5012     0.6359     0.7109     0.3428     0.4814     0.7354     0.6232
pixel68         0.5741     0.4779     0.6476     0.7057     0.3348      0.469     0.7226     0.6021
pixel69         0.5596     0.4692     0.6237     0.6888     0.3254     0.4558      0.705     0.5905


Clusterer Built in 10.735444784164429 secs.

Clustering data.
Cluster results

kMeans
======

Number of iterations: 157
Within cluster sum of squared errors: 76449.33415689859

Initial starting points (random):

Cluster 0: 0.413725,0.721569,0.258824,0.327451,0.427451,0.282353,0.690196,0.318627,0.452941,0.760784,0.692157,0.59902,0.681373,0.534314,0.807843,0.782353,0.782353,0.803922,0.75098,0.812745,0.135294,0.146078,0.84902,0.254902,0.151961,0.25098,0.85098,0.855882,0.848039,0.135294,0.528431,0.345098,0.448039,0.352941,0.554902,0.477451,0.320588,0.312745,0.305882,0.270588,0.311765,0.268627,0.594118,0.229412,0.168627,0.64902,0.34902,0.241176,0.226471,0.418627,0.612745,0.595098,0.560784,0.629412,0.544118,0.590196,0.538235,0.518627,0.618627,0.571569,0.42549,0.501961,0.413725,0.458824,0.544118,0.535294,0.518627,0.468627,0.327451,0.309804
Cluster 1: 0.581373,0.755882,0.647059,0.565686,0.411765,0.603922,0.780392,0.393137,0.726471,0.728431,0.055882,0.105882,0.083333,0.111765,0.032353,0.784314,0.820588,0.739216,0.864706,0.619608,0.09902,0.106863,0.60098,0.085294,0.170588,0.193137,0.772549,0.64902,0.506863,0.097059,0.596078,0.60098,0.611765,0.641176,0.652941,0.682353,0.696078,0.636275,0.598039,0.586275,0.022549,0.020588,0.019608,0.028431,0.029412,0.059804,0.026471,0.029412,0.028431,0.801961,0.763725,0.79902,0.791176,0.698039,0.741176,0.853922,0.914706,0.779412,0.759804,0.852941,0.512745,0.512745,0.581373,0.744118,0.741176,0.776471,0.779412,0.37451,0.565686,0.467647
Cluster 2: 0.787255,0.730392,0.77451,0.782353,0.780392,0.27451,0.751961,0.744118,0.654902,0.731373,0.687255,0.723529,0.706863,0.732353,0.664706,0.482353,0.611765,0.520588,0.638235,0.671569,0.181373,0.162745,0.402941,0.144118,0.173529,0.159804,0.366667,0.356863,0.187255,0.164706,0.384314,0.65098,0.646078,0.698039,0.315686,0.670588,0.651961,0.731373,0.713725,0.734314,0.728431,0.552941,0.246078,0.443137,0.255882,0.315686,0.728431,0.714706,0.714706,0.737255,0.696078,0.577451,0.719608,0.638235,0.692157,0.734314,0.751961,0.661765,0.609804,0.732353,0.760784,0.772549,0.787255,0.708824,0.692157,0.715686,0.661765,0.727451,0.782353,0.722549
Cluster 3: 0.593137,0.535294,0.568627,0.583333,0.539216,0.556863,0.604902,0.464706,0.389216,0.468627,0.217647,0.273529,0.244118,0.298039,0.188235,0.305882,0.346078,0.273529,0.4,0.233333,0.157843,0.187255,0.056863,0.147059,0.170588,0.134314,0.078431,0.113725,0.190196,0.133333,0.568627,0.541176,0.72451,0.616667,0.567647,0.633333,0.686275,0.562745,0.595098,0.490196,0.147059,0.106863,0.062745,0.083333,0.105882,0.035294,0.209804,0.137255,0.15,0.287255,0.722549,0.723529,0.643137,0.633333,0.729412,0.716667,0.647059,0.698039,0.701961,0.640196,0.565686,0.538235,0.593137,0.70098,0.729412,0.644118,0.698039,0.535294,0.583333,0.565686
Cluster 4: 0.677451,0.887255,0.592157,0.629412,0.758824,0.832353,0.896078,0.6,0.733333,0.87549,0.672549,0.682353,0.686275,0.688235,0.629412,0.751961,0.77549,0.748039,0.769608,0.708824,0.001961,0.001961,0.347059,0.007843,0.061765,0.034314,0.145098,0.034314,0.011765,0.00098,0.447059,0.387255,0.723529,0.74902,0.446078,0.730392,0.683333,0.758824,0.734314,0.436275,0.00098,0,0.013725,0,0,0.00098,0.060784,0,0,0.486275,0.788235,0.769608,0.784314,0.792157,0.791176,0.772549,0.756863,0.790196,0.470588,0.776471,0.782353,0.827451,0.677451,0.776471,0.791176,0.817647,0.790196,0.819608,0.629412,0.737255
Cluster 5: 0.839216,0.661765,0.721569,0.838235,0.865686,0.784314,0.631373,0.727451,0.851961,0.59902,0.766667,0.844118,0.821569,0.85098,0.732353,0.771569,0.746078,0.75098,0.756863,0.740196,0.885294,0.890196,0.785294,0.922549,0.908824,0.921569,0.858824,0.89902,0.914706,0.911765,0.72549,0.742157,0.681373,0.769608,0.64902,0.623529,0.669608,0.794118,0.766667,0.778431,0.859804,0.782353,0.816667,0.768627,0.745098,0.753922,0.914706,0.804902,0.771569,0.926471,0.82549,0.763725,0.805882,0.791176,0.818627,0.860784,0.868627,0.787255,0.752941,0.830392,0.883333,0.891176,0.839216,0.779412,0.818627,0.844118,0.787255,0.878431,0.838235,0.870588
Cluster 6: 0.555882,0.752941,0.472549,0.710784,0.554902,0.70098,0.713725,0.314706,0.688235,0.709804,0.07549,0.095098,0.082353,0.055882,0.062745,0.081373,0.160784,0.04902,0.210784,0.021569,0.6,0.517647,0.69902,0.703922,0.636275,0.678431,0.756863,0.779412,0.785294,0.561765,0.29902,0.537255,0.536275,0.47549,0.239216,0.568627,0.452941,0.360784,0.398039,0.579412,0.004902,0.631373,0.05,0.608824,0.54902,0.07549,0.036275,0.2,0.692157,0.011765,0.667647,0.72451,0.414706,0.523529,0.726471,0.639216,0.383333,0.75,0.739216,0.310784,0.733333,0.666667,0.555882,0.730392,0.726471,0.730392,0.75,0.708824,0.710784,0.659804

Missing values globally replaced with mean/mode

Final cluster centroids:
                         Cluster#
Attribute    Full Data          0          1          2          3          4          5          6
             (35887.0)   (5468.0)   (4576.0)   (6168.0)   (4579.0)   (4976.0)   (5929.0)   (4191.0)
===================================================================================================
pixel0          0.5957     0.4992     0.6679     0.7313     0.3482     0.4967     0.7426     0.6236
pixel1          0.5901     0.5477     0.6274     0.7187     0.3691     0.5363      0.713     0.5472
pixel2          0.5772     0.4959     0.6428     0.6858     0.3477     0.4766     0.7239     0.6147
pixel3          0.5741     0.4779     0.6476     0.7057     0.3348      0.469     0.7226     0.6021
pixel4          0.6211     0.5321     0.6861     0.7555     0.3729     0.5321     0.7639     0.6435
pixel5           0.538     0.4787     0.5923      0.647     0.3267     0.4612     0.6668     0.5354
pixel6          0.6159     0.5789     0.6487     0.7449     0.3912     0.5693     0.7387     0.5654
pixel7          0.6031     0.5282     0.6648     0.7125     0.3704     0.5067     0.7471      0.637
pixel8          0.6414     0.6035     0.6668     0.7508     0.4118     0.5831     0.7704     0.6394
pixel9          0.5782     0.5444     0.6128     0.6878     0.3716     0.5211     0.7004     0.5439
pixel10         0.5197     0.6501     0.2106     0.6802     0.2753     0.5616     0.7465     0.3472
pixel11         0.5338     0.6441     0.2375     0.7015     0.2807      0.569     0.7586     0.3833
pixel12         0.5289     0.6495     0.2208     0.6972     0.2792     0.5716     0.7547     0.3636
pixel13         0.5344     0.6359     0.2522     0.6938     0.2818     0.5572      0.759     0.4065
pixel14         0.5052     0.6477     0.2057     0.6455     0.2721     0.5374     0.7315     0.3357
pixel15          0.556     0.6499     0.2814     0.7418     0.2962      0.607      0.765     0.3875
pixel16          0.561      0.633     0.3387     0.7384     0.3085     0.5986     0.7537     0.4072
pixel17         0.5393      0.649     0.2606     0.7128     0.2889     0.5858     0.7515     0.3634
pixel18         0.5782     0.6343     0.3712     0.7633     0.3161     0.6157     0.7665     0.4344
pixel19         0.5165     0.6411      0.246     0.6633     0.2819     0.5478     0.7318      0.348
pixel20         0.4493     0.5258     0.2739     0.3163     0.2899      0.217     0.7486     0.7632
pixel21         0.4565     0.5298     0.2868     0.3304     0.2961      0.223     0.7517     0.7666
pixel22         0.4518     0.6265     0.3229      0.382     0.3246     0.2953     0.6958     0.4467
pixel23         0.4606      0.522     0.3098     0.3639     0.2921     0.2465     0.7369     0.7346
pixel24           0.44     0.5118     0.2706     0.3236     0.2767      0.223     0.7293     0.7294
pixel25         0.4506     0.5172     0.2892     0.3419     0.2847     0.2332     0.7359     0.7361
pixel26          0.444     0.6252      0.313     0.3686     0.3185     0.2835     0.6943     0.4349
pixel27         0.4376      0.624      0.305     0.3574     0.3133     0.2743      0.692     0.4273
pixel28         0.4341     0.6212     0.3001     0.3523     0.3105     0.2708     0.6896     0.4241
pixel29         0.4631     0.5313     0.3026     0.3483     0.3009      0.234     0.7492     0.7627
pixel30         0.4883     0.4161     0.5436     0.6038     0.2979     0.4247     0.5984     0.4801
pixel31         0.4877     0.4083     0.5459     0.6021     0.2958     0.4153     0.6006     0.4949
pixel32         0.4942     0.4213     0.5575     0.6093     0.2986     0.4234     0.6107     0.4842
pixel33         0.4945     0.4123     0.5606     0.6079     0.2971     0.4186     0.6156     0.4975
pixel34         0.4854     0.4264     0.5329     0.5948     0.2993     0.4287     0.5948     0.4653
pixel35         0.4932     0.4321     0.5496     0.6037     0.3036     0.4282      0.606     0.4733
pixel36         0.5056     0.4322     0.5644     0.6259     0.3019     0.4366     0.6276      0.492
pixel37         0.4938     0.4072     0.5615     0.6031     0.2948     0.4104     0.6191     0.5107
pixel38         0.5061     0.4254     0.5689     0.6243     0.2991     0.4284     0.6329     0.5079
pixel39         0.4827     0.4005     0.5452     0.5889     0.2907     0.4007     0.6028     0.5029
pixel40         0.4432     0.5607     0.2183     0.4289     0.2479     0.3261     0.7045      0.539
pixel41         0.4144     0.5231     0.2125     0.3004     0.2458      0.224     0.7037     0.6617
pixel42         0.4157     0.6069     0.2334      0.382     0.2686     0.3231     0.6555     0.3466
pixel43         0.4184     0.5295     0.2154     0.2973      0.253     0.2239     0.7092     0.6733
pixel44         0.4239     0.5347     0.2304     0.3017     0.2612     0.2292       0.71     0.6745
pixel45         0.4146     0.6084     0.2382     0.3669      0.273      0.309     0.6557     0.3636
pixel46          0.467      0.575     0.2328     0.4984     0.2572      0.381     0.7186     0.5114
pixel47         0.4255     0.5478     0.2076     0.3643     0.2445     0.2784     0.6963     0.5835
pixel48         0.4196     0.5353     0.2089     0.3347     0.2434     0.2505     0.6988     0.6219
pixel49         0.5217     0.5882     0.3084     0.6318     0.2806      0.476     0.7494     0.5018
pixel50          0.612     0.5392     0.6439     0.7725     0.3288     0.5643     0.7649     0.5852
pixel51         0.6115     0.5467     0.6381     0.7724     0.3315     0.5687     0.7628      0.573
pixel52         0.6235     0.5628     0.6235     0.7913     0.3393     0.5942     0.7779     0.5825
pixel53         0.6222     0.5679     0.6159     0.7908     0.3404     0.5994     0.7757     0.5695
pixel54         0.5936     0.5235     0.6405     0.7421     0.3154     0.5242     0.7493     0.5809
pixel55         0.5928     0.5197     0.6224     0.7444     0.3186      0.537     0.7447     0.5838
pixel56         0.6148     0.5515     0.6143     0.7792     0.3363     0.5769     0.7685     0.5875
pixel57         0.5935      0.533     0.6339     0.7417     0.3219     0.5306     0.7474     0.5643
pixel58         0.5899     0.5361     0.6029     0.7436     0.3269     0.5484     0.7398     0.5445
pixel59         0.6213     0.5841     0.5775     0.7916     0.3402     0.6059     0.7812     0.5657
pixel60         0.5847       0.49     0.6515     0.7219     0.3397     0.4845     0.7319     0.6118
pixel61         0.6128     0.5184     0.6783     0.7527     0.3605     0.5216     0.7584     0.6367
pixel62         0.5957     0.4992     0.6679     0.7313     0.3482     0.4967     0.7426     0.6236
pixel63         0.5871     0.5305     0.6281     0.7214     0.3238     0.5087     0.7412     0.5815
pixel64         0.5936     0.5235     0.6405     0.7421     0.3154     0.5242     0.7493     0.5809
pixel65         0.5892     0.5443     0.6228     0.7247     0.3339      0.518     0.7404     0.5613
pixel66         0.5935      0.533     0.6339     0.7417     0.3219     0.5306     0.7474     0.5643
pixel67         0.5844     0.5012     0.6359     0.7109     0.3428     0.4814     0.7354     0.6232
pixel68         0.5741     0.4779     0.6476     0.7057     0.3348      0.469     0.7226     0.6021
pixel69         0.5596     0.4692     0.6237     0.6888     0.3254     0.4558      0.705     0.5905


Clustered Instances

0       5468 ( 15%)
1       4576 ( 13%)
2       6168 ( 17%)
3       4579 ( 13%)
4       4976 ( 14%)
5       5929 ( 17%)
6       4191 ( 12%)


Class attribute: emotion
Classes to Clusters:

    0    1    2    3    4    5    6  <-- assigned to cluster
  915  517  674  708  781  739  619 | angry
   83   33  125   51  101  106   48 | disgust
  923  504  801  509  596 1084  704 | fear
 1267 1283 1851  978 1340 1422  848 | happy
  665 1114 1144  964  869  754  688 | neutral
 1123  661  734 1192  922  709  736 | sad
  492  464  839  177  367 1115  548 | surprise

Cluster 0 <-- fear
Cluster 1 <-- neutral
Cluster 2 <-- happy
Cluster 3 <-- sad
Cluster 4 <-- angry
Cluster 5 <-- surprise
Cluster 6 <-- disgust

Incorrectly clustered instances :	28863.0	 80.4275 %

Classes to clusters
[2 4 3 5 0 6 1]
Clustered data in 0.20401215553283691 secs.
