
kMeans
======

Number of iterations: 86
Within cluster sum of squared errors: 36151.07959377101

Initial starting points (random):

Cluster 0: 0.732353,0.451961,0.733333,0.661765,0.717647,0.629412,0.57549,0.607843,0.560784,0.615686,0.371569,0.37451,0.781373,0.588235,0.528431,0.539216,0.510784,0.607843,0.638235,0.393137,0.330392,0.168627,0.507843,0.119608,0.135294,0.728431,0.730392,0.704902,0.739216,0.552941,0.548039,0.521569,0.732353,0.556863,0.552941
Cluster 1: 0.792157,0.831373,0.864706,0.805882,0.812745,0.522549,0.554902,0.509804,0.648039,0.559804,0.79902,0.714706,0.185294,0.659804,0.517647,0.743137,0.757843,0.742157,0.760784,0.743137,0.739216,0.383333,0.666667,0.307843,0.339216,0.872549,0.873529,0.876471,0.881373,0.683333,0.845098,0.65,0.792157,0.534314,0.683333
Cluster 2: 0.67451,0.673529,0.652941,0.713725,0.37451,0.564706,0.6,0.561765,0.59902,0.59902,0.484314,0.485294,0.513725,0.493137,0.489216,0.691176,0.632353,0.788235,0.770588,0.726471,0.243137,0.377451,0.538235,0.412745,0.467647,0.623529,0.458824,0.60098,0.471569,0.643137,0.683333,0.640196,0.67451,0.69902,0.643137
Cluster 3: 0.672549,0.704902,0.622549,0.571569,0.722549,0.639216,0.623529,0.635294,0.640196,0.657843,0.916667,0.921569,0.25098,0.907843,0.928431,0.59902,0.591176,0.52549,0.567647,0.536275,0.303922,0.898039,0.637255,0.895098,0.896078,0.62451,0.696078,0.65098,0.701961,0.682353,0.551961,0.618627,0.672549,0.708824,0.682353
Cluster 4: 0.514706,0.704902,0.687255,0.254902,0.668627,0.766667,0.738235,0.755882,0.714706,0.763725,0.832353,0.830392,0.567647,0.813725,0.82451,0.589216,0.561765,0.508824,0.564706,0.602941,0.823529,0.834314,0.662745,0.884314,0.937255,0.572549,0.623529,0.587255,0.622549,0.567647,0.35098,0.305882,0.514706,0.447059,0.567647
Cluster 5: 0.42451,0.519608,0.352941,0.396078,0.503922,0.522549,0.577451,0.526471,0.626471,0.5,0.44902,0.446078,0.557843,0.844118,0.758824,0.354902,0.334314,0.337255,0.376471,0.392157,0.770588,0.842157,0.444118,0.87451,0.855882,0.376471,0.287255,0.317647,0.334314,0.382353,0.644118,0.494118,0.42451,0.423529,0.382353
Cluster 6: 0.613725,0.469608,0.50098,0.545098,0.636275,0.39902,0.64902,0.520588,0.683333,0.255882,0.609804,0.707843,0.70098,0.701961,0.557843,0.326471,0.310784,0.340196,0.326471,0.373529,0.567647,0.272549,0.062745,0.271569,0.202941,0.573529,0.654902,0.672549,0.685294,0.487255,0.541176,0.603922,0.613725,0.495098,0.487255

Missing values globally replaced with mean/mode

Final cluster centroids:
                         Cluster#
Attribute    Full Data          0          1          2          3          4          5          6
             (35887.0)   (5349.0)   (6294.0)   (4918.0)   (5817.0)   (5324.0)   (3628.0)   (4557.0)
===================================================================================================
pixel0          0.5957     0.4851      0.735     0.6684     0.7423     0.4925     0.6532     0.3426
pixel1          0.5901     0.5484     0.7137     0.6256     0.7033     0.5013     0.5986     0.3828
pixel2          0.5772      0.468     0.6897     0.6383     0.7229     0.4926     0.6431     0.3448
pixel3          0.5741     0.4609     0.7079     0.6434     0.7194     0.4746     0.6316     0.3326
pixel4          0.6211     0.5225     0.7567     0.6865     0.7617     0.5258     0.6734     0.3694
pixel5          0.5197     0.6057     0.6987     0.2346       0.75     0.6093     0.2759     0.2743
pixel6          0.5338     0.6084     0.7238     0.2573     0.7652     0.6176      0.299      0.276
pixel7          0.5289      0.613     0.7177     0.2439     0.7604     0.6147     0.2847     0.2761
pixel8          0.5344     0.5938     0.7157     0.2708     0.7662     0.6179     0.3188     0.2766
pixel9          0.5052     0.5851     0.6627     0.2289     0.7332     0.6011     0.2744     0.2723
pixel10         0.4493     0.2343     0.3185     0.2385     0.7672      0.608     0.7691     0.2641
pixel11         0.4565     0.2435     0.3349     0.2522     0.7673     0.6077     0.7707     0.2714
pixel12         0.4518     0.3891     0.4238     0.3119     0.6598     0.5249     0.5023     0.3238
pixel13         0.4606     0.2662     0.3747     0.2834     0.7487     0.5931     0.7173     0.2714
pixel14           0.44      0.241     0.3326     0.2423     0.7454     0.5917     0.7095     0.2536
pixel15         0.4883     0.4295     0.6052     0.5368     0.5928     0.3904     0.5127      0.305
pixel16         0.4877      0.418     0.6031     0.5378     0.5954     0.3908     0.5251     0.3017
pixel17         0.4942     0.4325     0.6052     0.5453     0.6027     0.4017     0.5194     0.3081
pixel18         0.4945     0.4247     0.6041     0.5478     0.6071     0.4002     0.5318     0.3046
pixel19         0.4854     0.4376     0.5968      0.526     0.5878     0.3935      0.501     0.3079
pixel20         0.4432     0.3595     0.4554     0.2227     0.7082     0.5955     0.4569     0.2353
pixel21         0.4144     0.2434     0.3127      0.197     0.7212     0.6046     0.6079     0.2222
pixel22         0.4157     0.3975     0.4111     0.2318     0.6373     0.5358     0.3526     0.2693
pixel23         0.4184     0.2411     0.3065      0.199     0.7291     0.6145     0.6236     0.2285
pixel24         0.4239     0.2452     0.3094     0.2115     0.7316      0.615     0.6351     0.2369
pixel25          0.612     0.5678      0.769      0.651     0.7596     0.5062     0.6193     0.3339
pixel26         0.6115     0.5734     0.7674     0.6453     0.7548     0.5086     0.6119     0.3414
pixel27         0.6235     0.5948     0.7877     0.6367     0.7699     0.5323     0.6097     0.3466
pixel28         0.6222     0.6005     0.7862     0.6304     0.7672     0.5316     0.6006       0.35
pixel29         0.5936     0.5327     0.7384     0.6404      0.745     0.4929     0.6186     0.3188
pixel30         0.5847     0.4779     0.7221     0.6491     0.7282      0.488     0.6386     0.3378
pixel31         0.6128     0.5126     0.7539     0.6788     0.7557     0.5132     0.6636     0.3581
pixel32         0.5957     0.4851      0.735     0.6684     0.7423     0.4925     0.6532     0.3426
pixel33         0.5871     0.5184     0.7184     0.6247     0.7376      0.507     0.6132     0.3269
pixel34         0.5936     0.5327     0.7384     0.6404      0.745     0.4929     0.6186     0.3188


Clusterer Built in 3.7185418605804443 secs.

Clustering data.
Cluster results

kMeans
======

Number of iterations: 86
Within cluster sum of squared errors: 36151.07959377101

Initial starting points (random):

Cluster 0: 0.732353,0.451961,0.733333,0.661765,0.717647,0.629412,0.57549,0.607843,0.560784,0.615686,0.371569,0.37451,0.781373,0.588235,0.528431,0.539216,0.510784,0.607843,0.638235,0.393137,0.330392,0.168627,0.507843,0.119608,0.135294,0.728431,0.730392,0.704902,0.739216,0.552941,0.548039,0.521569,0.732353,0.556863,0.552941
Cluster 1: 0.792157,0.831373,0.864706,0.805882,0.812745,0.522549,0.554902,0.509804,0.648039,0.559804,0.79902,0.714706,0.185294,0.659804,0.517647,0.743137,0.757843,0.742157,0.760784,0.743137,0.739216,0.383333,0.666667,0.307843,0.339216,0.872549,0.873529,0.876471,0.881373,0.683333,0.845098,0.65,0.792157,0.534314,0.683333
Cluster 2: 0.67451,0.673529,0.652941,0.713725,0.37451,0.564706,0.6,0.561765,0.59902,0.59902,0.484314,0.485294,0.513725,0.493137,0.489216,0.691176,0.632353,0.788235,0.770588,0.726471,0.243137,0.377451,0.538235,0.412745,0.467647,0.623529,0.458824,0.60098,0.471569,0.643137,0.683333,0.640196,0.67451,0.69902,0.643137
Cluster 3: 0.672549,0.704902,0.622549,0.571569,0.722549,0.639216,0.623529,0.635294,0.640196,0.657843,0.916667,0.921569,0.25098,0.907843,0.928431,0.59902,0.591176,0.52549,0.567647,0.536275,0.303922,0.898039,0.637255,0.895098,0.896078,0.62451,0.696078,0.65098,0.701961,0.682353,0.551961,0.618627,0.672549,0.708824,0.682353
Cluster 4: 0.514706,0.704902,0.687255,0.254902,0.668627,0.766667,0.738235,0.755882,0.714706,0.763725,0.832353,0.830392,0.567647,0.813725,0.82451,0.589216,0.561765,0.508824,0.564706,0.602941,0.823529,0.834314,0.662745,0.884314,0.937255,0.572549,0.623529,0.587255,0.622549,0.567647,0.35098,0.305882,0.514706,0.447059,0.567647
Cluster 5: 0.42451,0.519608,0.352941,0.396078,0.503922,0.522549,0.577451,0.526471,0.626471,0.5,0.44902,0.446078,0.557843,0.844118,0.758824,0.354902,0.334314,0.337255,0.376471,0.392157,0.770588,0.842157,0.444118,0.87451,0.855882,0.376471,0.287255,0.317647,0.334314,0.382353,0.644118,0.494118,0.42451,0.423529,0.382353
Cluster 6: 0.613725,0.469608,0.50098,0.545098,0.636275,0.39902,0.64902,0.520588,0.683333,0.255882,0.609804,0.707843,0.70098,0.701961,0.557843,0.326471,0.310784,0.340196,0.326471,0.373529,0.567647,0.272549,0.062745,0.271569,0.202941,0.573529,0.654902,0.672549,0.685294,0.487255,0.541176,0.603922,0.613725,0.495098,0.487255

Missing values globally replaced with mean/mode

Final cluster centroids:
                         Cluster#
Attribute    Full Data          0          1          2          3          4          5          6
             (35887.0)   (5349.0)   (6294.0)   (4918.0)   (5817.0)   (5324.0)   (3628.0)   (4557.0)
===================================================================================================
pixel0          0.5957     0.4851      0.735     0.6684     0.7423     0.4925     0.6532     0.3426
pixel1          0.5901     0.5484     0.7137     0.6256     0.7033     0.5013     0.5986     0.3828
pixel2          0.5772      0.468     0.6897     0.6383     0.7229     0.4926     0.6431     0.3448
pixel3          0.5741     0.4609     0.7079     0.6434     0.7194     0.4746     0.6316     0.3326
pixel4          0.6211     0.5225     0.7567     0.6865     0.7617     0.5258     0.6734     0.3694
pixel5          0.5197     0.6057     0.6987     0.2346       0.75     0.6093     0.2759     0.2743
pixel6          0.5338     0.6084     0.7238     0.2573     0.7652     0.6176      0.299      0.276
pixel7          0.5289      0.613     0.7177     0.2439     0.7604     0.6147     0.2847     0.2761
pixel8          0.5344     0.5938     0.7157     0.2708     0.7662     0.6179     0.3188     0.2766
pixel9          0.5052     0.5851     0.6627     0.2289     0.7332     0.6011     0.2744     0.2723
pixel10         0.4493     0.2343     0.3185     0.2385     0.7672      0.608     0.7691     0.2641
pixel11         0.4565     0.2435     0.3349     0.2522     0.7673     0.6077     0.7707     0.2714
pixel12         0.4518     0.3891     0.4238     0.3119     0.6598     0.5249     0.5023     0.3238
pixel13         0.4606     0.2662     0.3747     0.2834     0.7487     0.5931     0.7173     0.2714
pixel14           0.44      0.241     0.3326     0.2423     0.7454     0.5917     0.7095     0.2536
pixel15         0.4883     0.4295     0.6052     0.5368     0.5928     0.3904     0.5127      0.305
pixel16         0.4877      0.418     0.6031     0.5378     0.5954     0.3908     0.5251     0.3017
pixel17         0.4942     0.4325     0.6052     0.5453     0.6027     0.4017     0.5194     0.3081
pixel18         0.4945     0.4247     0.6041     0.5478     0.6071     0.4002     0.5318     0.3046
pixel19         0.4854     0.4376     0.5968      0.526     0.5878     0.3935      0.501     0.3079
pixel20         0.4432     0.3595     0.4554     0.2227     0.7082     0.5955     0.4569     0.2353
pixel21         0.4144     0.2434     0.3127      0.197     0.7212     0.6046     0.6079     0.2222
pixel22         0.4157     0.3975     0.4111     0.2318     0.6373     0.5358     0.3526     0.2693
pixel23         0.4184     0.2411     0.3065      0.199     0.7291     0.6145     0.6236     0.2285
pixel24         0.4239     0.2452     0.3094     0.2115     0.7316      0.615     0.6351     0.2369
pixel25          0.612     0.5678      0.769      0.651     0.7596     0.5062     0.6193     0.3339
pixel26         0.6115     0.5734     0.7674     0.6453     0.7548     0.5086     0.6119     0.3414
pixel27         0.6235     0.5948     0.7877     0.6367     0.7699     0.5323     0.6097     0.3466
pixel28         0.6222     0.6005     0.7862     0.6304     0.7672     0.5316     0.6006       0.35
pixel29         0.5936     0.5327     0.7384     0.6404      0.745     0.4929     0.6186     0.3188
pixel30         0.5847     0.4779     0.7221     0.6491     0.7282      0.488     0.6386     0.3378
pixel31         0.6128     0.5126     0.7539     0.6788     0.7557     0.5132     0.6636     0.3581
pixel32         0.5957     0.4851      0.735     0.6684     0.7423     0.4925     0.6532     0.3426
pixel33         0.5871     0.5184     0.7184     0.6247     0.7376      0.507     0.6132     0.3269
pixel34         0.5936     0.5327     0.7384     0.6404      0.745     0.4929     0.6186     0.3188


Clustered Instances

0       5349 ( 15%)
1       6294 ( 18%)
2       4918 ( 14%)
3       5817 ( 16%)
4       5324 ( 15%)
5       3628 ( 10%)
6       4557 ( 13%)


Class attribute: emotion
Classes to Clusters:

    0    1    2    3    4    5    6  <-- assigned to cluster
  834  701  551  734  933  492  708 | angry
   82  145   45  101   91   28   55 | disgust
  685  825  564 1064  868  606  509 | fear
 1431 1849 1384 1369 1231  743  982 | happy
  871 1148 1162  733  669  658  957 | neutral
 1034  757  694  741 1112  571 1168 | sad
  412  869  518 1075  420  530  178 | surprise

Cluster 0 <-- angry
Cluster 1 <-- happy
Cluster 2 <-- neutral
Cluster 3 <-- surprise
Cluster 4 <-- fear
Cluster 5 <-- disgust
Cluster 6 <-- sad

Incorrectly clustered instances :	28903.0	 80.5389 %

Classes to clusters
[0 3 4 6 2 1 5]
Clustered data in 0.147691011428833 secs.
