
Canopy clustering
=================

Number of canopies (cluster centers) found: 19
T2 radius: 1.288     
T1 radius: 1.609     

Cluster 0: 0.661918,0.649695,0.61501,0.634874,0.393297,0.40421,0.550987,0.550271,0.432527,0.358228,0.684708,0.369457,0.653315,0.684232,{18117} <0,1,2,3,5,6,7,8,9,10,11,12,13,14,15,16,17,18>
Cluster 1: 0.693479,0.65867,0.573112,0.588396,0.811641,0.810757,0.546846,0.550003,0.670656,0.739657,0.689333,0.728991,0.682895,0.707038,{5656} <0,1,2,3,5,6,8,9,10,11,12,13,14,15,17,18>
Cluster 2: 0.464872,0.471847,0.282686,0.287258,0.30195,0.311122,0.380052,0.37804,0.272033,0.26252,0.458102,0.358142,0.451569,0.477377,{9181} <0,1,2,3,4,5,6,7,8,9,11,12,13,15,16,17>
Cluster 3: 0.398978,0.456119,0.619867,0.623505,0.557411,0.551399,0.315161,0.310938,0.63344,0.617532,0.493941,0.525152,0.38216,0.406964,{2438} <0,1,2,3,4,5,6,7,8,9,10,11,12,13,14,15,16,17,18>
Cluster 4: 0.07548,0.25383,0.20577,0.179095,0.064512,0.071814,0.125848,0.096538,0.112674,0.113051,0.211642,0.232353,0.053411,0.074449,{96} <2,3,4,7,9,12,16>
Cluster 5: 0.758578,0.423582,0.465004,0.529202,0.672321,0.667139,0.43062,0.419503,0.831145,0.892384,0.726331,0.175175,0.764986,0.790179,{56} <0,1,2,3,5,6,8,9,10,11,12,13,14,15,17,18>
Cluster 6: 0.424895,0.64972,0.865861,0.872654,0.116352,0.132213,0.748494,0.723564,0.60042,0.205602,0.778361,0.652486,0.379517,0.45007,{28} <0,1,2,3,5,6,7,10,12,13,14,15,16>
Cluster 7: 0.206863,0.768067,0.7257,0.732353,0.043838,0.043768,0.637185,0.511625,0.128782,0.07388,0.529132,0.126611,0.143697,0.138445,{14} <0,2,3,4,6,7,13,15,16>
Cluster 8: 0.494278,0.502128,0.141723,0.161758,0.932826,0.918527,0.43428,0.471642,0.584601,0.904589,0.45082,0.292037,0.444491,0.480966,{147} <0,1,2,3,5,8,9,10,11,12,14,17,18>
Cluster 9: 0.297933,0.45053,0.13177,0.13646,0.896211,0.897483,0.391309,0.358691,0.099974,0.316428,0.432936,0.942263,0.328908,0.337096,{37} <0,1,2,3,4,5,8,9,11,17,18>
Cluster 10: 0.378959,0.598039,0.95098,0.955279,0.98356,0.9727,0.481976,0.494118,0.951735,0.923831,0.778054,0.909502,0.221342,0.305958,{13} <0,1,3,5,6,8,10,14,18>
Cluster 11: 0.83877,0.77246,0.123351,0.144029,0.698485,0.640196,0.7459,0.774777,0.476203,0.717825,0.755971,0.113636,0.690018,0.717112,{11} <0,1,2,3,5,8,9,11,12,13,15,17,18>
Cluster 12: 0.681513,0.254412,0.14944,0.211275,0.20035,0.166106,0.297199,0.293838,0.745588,0.807563,0.373739,0.211485,0.597549,0.677381,{14} <0,1,2,3,4,5,6,8,11,12,13,15,17>
Cluster 13: 0.841692,0.782972,0.581579,0.738235,0.052425,0.047523,0.712745,0.787203,0.846594,0.684675,0.758308,0.353251,0.873013,0.858153,{19} <0,1,2,3,5,6,7,11,12,13,15>
Cluster 14: 0.405392,0.626471,0.978431,0.909314,0.968137,0.971078,0.797059,0.931373,0.981863,0.965686,0.20098,0.527451,0.495588,0.489216,{2} <0,1,3,5,6,8,10,14,18>
Cluster 15: 0.871301,0.551515,0.582175,0.762745,0.262834,0.191266,0.195989,0.219608,0.584848,0.169519,0.759537,0.530392,0.851337,0.864439,{11} <0,1,2,3,5,6,7,11,12,13,15,16,17>
Cluster 16: 0.092451,0.571373,0.714706,0.674314,0.051667,0.062941,0.119118,0.09598,0.115588,0.031373,0.437941,0.287549,0.034314,0.140098,{10} <0,2,3,4,6,7,15,16>
Cluster 17: 0.739795,0.600223,0.128476,0.153431,0.947772,0.949955,0.10459,0.136631,0.24639,0.643895,0.624242,0.811943,0.725178,0.746346,{22} <0,1,2,3,5,8,9,11,12,15,17,18>
Cluster 18: 0.364216,0.603431,0.430882,0.495098,0.995098,0.991667,0.823529,0.785294,0.723039,0.989706,0.697059,0.973529,0.194118,0.096569,{2} <0,1,3,5,8,9,10,11,14,17,18>

Clusterer Built in 0.21970868110656738 secs.

Clustering data.
Cluster results

Canopy clustering
=================

Number of canopies (cluster centers) found: 19
T2 radius: 1.288     
T1 radius: 1.609     

Cluster 0: 0.661918,0.649695,0.61501,0.634874,0.393297,0.40421,0.550987,0.550271,0.432527,0.358228,0.684708,0.369457,0.653315,0.684232,{18117} <0,1,2,3,5,6,7,8,9,10,11,12,13,14,15,16,17,18>
Cluster 1: 0.693479,0.65867,0.573112,0.588396,0.811641,0.810757,0.546846,0.550003,0.670656,0.739657,0.689333,0.728991,0.682895,0.707038,{5656} <0,1,2,3,5,6,8,9,10,11,12,13,14,15,17,18>
Cluster 2: 0.464872,0.471847,0.282686,0.287258,0.30195,0.311122,0.380052,0.37804,0.272033,0.26252,0.458102,0.358142,0.451569,0.477377,{9181} <0,1,2,3,4,5,6,7,8,9,11,12,13,15,16,17>
Cluster 3: 0.398978,0.456119,0.619867,0.623505,0.557411,0.551399,0.315161,0.310938,0.63344,0.617532,0.493941,0.525152,0.38216,0.406964,{2438} <0,1,2,3,4,5,6,7,8,9,10,11,12,13,14,15,16,17,18>
Cluster 4: 0.07548,0.25383,0.20577,0.179095,0.064512,0.071814,0.125848,0.096538,0.112674,0.113051,0.211642,0.232353,0.053411,0.074449,{96} <2,3,4,7,9,12,16>
Cluster 5: 0.758578,0.423582,0.465004,0.529202,0.672321,0.667139,0.43062,0.419503,0.831145,0.892384,0.726331,0.175175,0.764986,0.790179,{56} <0,1,2,3,5,6,8,9,10,11,12,13,14,15,17,18>
Cluster 6: 0.424895,0.64972,0.865861,0.872654,0.116352,0.132213,0.748494,0.723564,0.60042,0.205602,0.778361,0.652486,0.379517,0.45007,{28} <0,1,2,3,5,6,7,10,12,13,14,15,16>
Cluster 7: 0.206863,0.768067,0.7257,0.732353,0.043838,0.043768,0.637185,0.511625,0.128782,0.07388,0.529132,0.126611,0.143697,0.138445,{14} <0,2,3,4,6,7,13,15,16>
Cluster 8: 0.494278,0.502128,0.141723,0.161758,0.932826,0.918527,0.43428,0.471642,0.584601,0.904589,0.45082,0.292037,0.444491,0.480966,{147} <0,1,2,3,5,8,9,10,11,12,14,17,18>
Cluster 9: 0.297933,0.45053,0.13177,0.13646,0.896211,0.897483,0.391309,0.358691,0.099974,0.316428,0.432936,0.942263,0.328908,0.337096,{37} <0,1,2,3,4,5,8,9,11,17,18>
Cluster 10: 0.378959,0.598039,0.95098,0.955279,0.98356,0.9727,0.481976,0.494118,0.951735,0.923831,0.778054,0.909502,0.221342,0.305958,{13} <0,1,3,5,6,8,10,14,18>
Cluster 11: 0.83877,0.77246,0.123351,0.144029,0.698485,0.640196,0.7459,0.774777,0.476203,0.717825,0.755971,0.113636,0.690018,0.717112,{11} <0,1,2,3,5,8,9,11,12,13,15,17,18>
Cluster 12: 0.681513,0.254412,0.14944,0.211275,0.20035,0.166106,0.297199,0.293838,0.745588,0.807563,0.373739,0.211485,0.597549,0.677381,{14} <0,1,2,3,4,5,6,8,11,12,13,15,17>
Cluster 13: 0.841692,0.782972,0.581579,0.738235,0.052425,0.047523,0.712745,0.787203,0.846594,0.684675,0.758308,0.353251,0.873013,0.858153,{19} <0,1,2,3,5,6,7,11,12,13,15>
Cluster 14: 0.405392,0.626471,0.978431,0.909314,0.968137,0.971078,0.797059,0.931373,0.981863,0.965686,0.20098,0.527451,0.495588,0.489216,{2} <0,1,3,5,6,8,10,14,18>
Cluster 15: 0.871301,0.551515,0.582175,0.762745,0.262834,0.191266,0.195989,0.219608,0.584848,0.169519,0.759537,0.530392,0.851337,0.864439,{11} <0,1,2,3,5,6,7,11,12,13,15,16,17>
Cluster 16: 0.092451,0.571373,0.714706,0.674314,0.051667,0.062941,0.119118,0.09598,0.115588,0.031373,0.437941,0.287549,0.034314,0.140098,{10} <0,2,3,4,6,7,15,16>
Cluster 17: 0.739795,0.600223,0.128476,0.153431,0.947772,0.949955,0.10459,0.136631,0.24639,0.643895,0.624242,0.811943,0.725178,0.746346,{22} <0,1,2,3,5,8,9,11,12,15,17,18>
Cluster 18: 0.364216,0.603431,0.430882,0.495098,0.995098,0.991667,0.823529,0.785294,0.723039,0.989706,0.697059,0.973529,0.194118,0.096569,{2} <0,1,3,5,8,9,10,11,14,17,18>

Clustered Instances

 0       9215 ( 26%)
 1       6041 ( 17%)
 2       7849 ( 22%)
 3       3452 ( 10%)
 4        855 (  2%)
 5       1103 (  3%)
 6        837 (  2%)
 7        507 (  1%)
 8        858 (  2%)
 9        518 (  1%)
10        258 (  1%)
11       1014 (  3%)
12        344 (  1%)
13        874 (  2%)
14        106 (  0%)
15       1070 (  3%)
16        426 (  1%)
17        480 (  1%)
18         80 (  0%)


Class attribute: emotion
Classes to Clusters:

    0    1    2    3    4    5    6    7    8    9   10   11   12   13   14   15   16   17   18  <-- assigned to cluster
 1098  768 1025  623  150  162  164   93  126   94   57  110   63   91   13  139   84   70   23 | angry
  169  102   83   70    8   18   17    5    6    8    3    9    0   18    0   19    8    3    1 | disgust
 1217 1165  862  518   93  175  109   64  166   85   40  135   55  120   12  150   65   80   10 | fear
 2703 1308 2082  850  172  222  295  147  203  125   74  244   54  258   38  101   62   32   19 | happy
 1766  793 1732  429  153  158   98   79  131   97   22  246   50  159   10  139   68   60    8 | neutral
 1304  801 1559  736  247  189  114   93  168   86   39  157   98  125   27  169  118   33   14 | sad
  958 1104  506  226   32  179   40   26   58   23   23  113   24  103    6  353   21  202    5 | surprise

Cluster  0 <-- happy
Cluster  1 <-- fear
Cluster  2 <-- neutral
Cluster  3 <-- sad
Cluster  4 <-- No class
Cluster  5 <-- No class
Cluster  6 <-- angry
Cluster  7 <-- No class
Cluster  8 <-- No class
Cluster  9 <-- No class
Cluster 10 <-- No class
Cluster 11 <-- No class
Cluster 12 <-- No class
Cluster 13 <-- disgust
Cluster 14 <-- No class
Cluster 15 <-- surprise
Cluster 16 <-- No class
Cluster 17 <-- No class
Cluster 18 <-- No class

Incorrectly clustered instances :	29016.0	 80.8538 %

Classes to clusters
[ 3  2  4  5 -1 -1  0 -1 -1 -1 -1 -1 -1  1 -1  6 -1 -1 -1]
Clustered data in 60.13973879814148 secs.
