
EM
==

Number of clusters: 15
Number of iterations performed: 100


            Cluster
Attribute         0       1       2       3       4       5       6       7       8       9      10      11      12      13      14
             (0.05)  (0.06)  (0.08)  (0.08)  (0.06)  (0.09)  (0.07)  (0.06)  (0.06)  (0.02)  (0.06)  (0.08)  (0.05)  (0.11)  (0.07)
====================================================================================================================================
pixel0
  mean        0.3197  0.3964  0.4587  0.6657  0.8302   0.502   0.309  0.6293   0.822  0.6643  0.6493  0.6731   0.573  0.6622  0.8232
  std. dev.    0.149  0.1544  0.1415  0.0843  0.0721  0.0732  0.1067   0.103  0.0589  0.1899  0.1417  0.0842  0.1434  0.0848  0.0697

pixel1
  mean        0.4382  0.5438  0.5272  0.5803  0.7701  0.5012  0.3592  0.6353  0.6874  0.6762  0.6094    0.64  0.5497  0.6555  0.7506
  std. dev.   0.1982  0.1959  0.1826  0.1769  0.1232  0.1333  0.1552  0.1448   0.181  0.1753  0.1813  0.1448   0.187  0.1269  0.1527

pixel2
  mean        0.3256  0.6862  0.6629  0.3182  0.8317  0.4545  0.3073  0.5868  0.4521   0.572  0.1536  0.6944   0.248  0.7137  0.6303
  std. dev.   0.2152  0.1504  0.1482  0.1545   0.083  0.1581   0.163  0.1796  0.2182  0.2939  0.0912  0.1323  0.1355  0.1045   0.228

pixel3
  mean        0.3183   0.682  0.6645  0.3435  0.8495  0.4669  0.3097  0.6113  0.4828  0.5778  0.1592  0.7161  0.2611  0.7268  0.6704
  std. dev.   0.2042  0.1422  0.1398  0.1648  0.0717   0.156  0.1574  0.1602  0.2237  0.2929  0.0917  0.1194  0.1422  0.0952  0.2137

pixel4
  mean        0.0703  0.2266  0.6963  0.3963  0.7034  0.3607  0.4018   0.105  0.7083  0.9982  0.1463  0.8012  0.8269  0.3869  0.1908
  std. dev.   0.0508  0.1293   0.159  0.1652  0.1914  0.1483   0.208  0.0631  0.1868  0.0027   0.099  0.1242  0.1275  0.1489  0.1125

pixel5
  mean        0.0746  0.2296  0.6943  0.4122   0.711  0.3683  0.4082  0.1099  0.7214   0.998  0.1601  0.8008  0.8284  0.3991  0.2045
  std. dev.   0.0547  0.1279  0.1582  0.1704  0.1863  0.1493  0.2075  0.0657  0.1793  0.0029  0.1105  0.1238   0.127  0.1532  0.1223

pixel6
  mean        0.3343  0.4507  0.4297   0.506   0.634  0.4237  0.2789  0.5255  0.5737  0.5553  0.5213  0.5284  0.4718   0.531  0.6205
  std. dev.   0.1746  0.2097  0.1894  0.1846  0.1994  0.1349   0.131  0.1845  0.2061  0.2116  0.1867  0.1782  0.1968   0.174  0.1936

pixel7
  mean        0.3173  0.4307  0.4243  0.5152  0.6387  0.4235  0.2751  0.5174  0.5934  0.5513  0.5221  0.5312  0.4793  0.5268  0.6246
  std. dev.   0.1689  0.2066  0.1887  0.1802  0.2015  0.1334   0.128   0.181  0.2066  0.2156  0.1858  0.1804  0.1968   0.174  0.1909

pixel8
  mean        0.1242  0.4633  0.6019  0.3779  0.7425  0.3893   0.315  0.2812  0.4757  0.7657   0.134   0.634  0.4221  0.5385  0.4323
  std. dev.   0.0965  0.2177  0.2087  0.2049  0.1657  0.1719  0.1915  0.1824  0.2521  0.2808   0.086  0.2078   0.275  0.1916  0.2383

pixel9
  mean        0.0788  0.3308  0.6108  0.3765  0.6653  0.3437  0.3431  0.1413  0.5117  0.9959  0.1332  0.6477  0.5792  0.4409  0.2793
  std. dev.   0.0604  0.2022  0.2189  0.2036  0.2152  0.1698  0.2144  0.0898  0.2616  0.0061  0.0912  0.2235  0.2884  0.1892  0.1937

pixel10
  mean        0.4045  0.5454  0.5543  0.6061   0.826  0.5217  0.3524  0.6714  0.7266  0.6834  0.5851  0.6877    0.56   0.683  0.8097
  std. dev.   0.1843  0.1989  0.1788  0.1755  0.0882  0.1316  0.1519   0.125  0.1718  0.1958  0.2084  0.1326  0.1946  0.1288  0.1055

pixel11
  mean        0.2458  0.4463  0.5539  0.3748  0.6172  0.3852  0.3645   0.258  0.4922  0.6769  0.2695  0.6143  0.4845   0.472  0.3358
  std. dev.   0.2394  0.2736  0.2647  0.2672  0.2736  0.2376  0.2582  0.2256  0.3142  0.3317  0.2672  0.2693    0.32  0.2663  0.2771

pixel12
  mean         0.303  0.3707  0.4378  0.6607  0.8227  0.4905  0.2951   0.621  0.8177  0.6529  0.6344  0.6657  0.5597  0.6558    0.82
  std. dev.   0.1439  0.1405  0.1422  0.0796  0.0729  0.0695  0.1076  0.0941  0.0618  0.2013  0.1444  0.0829  0.1499  0.0755  0.0666

pixel13
  mean         0.328  0.4077   0.464  0.6883  0.8489  0.5212   0.315  0.6603  0.8371  0.6773  0.6618  0.6931  0.5874  0.6907  0.8425
  std. dev.   0.1471  0.1461  0.1385  0.0701  0.0609  0.0657   0.111  0.0844   0.055  0.1897  0.1388   0.075  0.1427  0.0713  0.0589

Clusterer Built in 94.77486371994019 secs.

Clustering data.
Cluster results

EM
==

Number of clusters: 15
Number of iterations performed: 100


            Cluster
Attribute         0       1       2       3       4       5       6       7       8       9      10      11      12      13      14
             (0.05)  (0.06)  (0.08)  (0.08)  (0.06)  (0.09)  (0.07)  (0.06)  (0.06)  (0.02)  (0.06)  (0.08)  (0.05)  (0.11)  (0.07)
====================================================================================================================================
pixel0
  mean        0.3197  0.3964  0.4587  0.6657  0.8302   0.502   0.309  0.6293   0.822  0.6643  0.6493  0.6731   0.573  0.6622  0.8232
  std. dev.    0.149  0.1544  0.1415  0.0843  0.0721  0.0732  0.1067   0.103  0.0589  0.1899  0.1417  0.0842  0.1434  0.0848  0.0697

pixel1
  mean        0.4382  0.5438  0.5272  0.5803  0.7701  0.5012  0.3592  0.6353  0.6874  0.6762  0.6094    0.64  0.5497  0.6555  0.7506
  std. dev.   0.1982  0.1959  0.1826  0.1769  0.1232  0.1333  0.1552  0.1448   0.181  0.1753  0.1813  0.1448   0.187  0.1269  0.1527

pixel2
  mean        0.3256  0.6862  0.6629  0.3182  0.8317  0.4545  0.3073  0.5868  0.4521   0.572  0.1536  0.6944   0.248  0.7137  0.6303
  std. dev.   0.2152  0.1504  0.1482  0.1545   0.083  0.1581   0.163  0.1796  0.2182  0.2939  0.0912  0.1323  0.1355  0.1045   0.228

pixel3
  mean        0.3183   0.682  0.6645  0.3435  0.8495  0.4669  0.3097  0.6113  0.4828  0.5778  0.1592  0.7161  0.2611  0.7268  0.6704
  std. dev.   0.2042  0.1422  0.1398  0.1648  0.0717   0.156  0.1574  0.1602  0.2237  0.2929  0.0917  0.1194  0.1422  0.0952  0.2137

pixel4
  mean        0.0703  0.2266  0.6963  0.3963  0.7034  0.3607  0.4018   0.105  0.7083  0.9982  0.1463  0.8012  0.8269  0.3869  0.1908
  std. dev.   0.0508  0.1293   0.159  0.1652  0.1914  0.1483   0.208  0.0631  0.1868  0.0027   0.099  0.1242  0.1275  0.1489  0.1125

pixel5
  mean        0.0746  0.2296  0.6943  0.4122   0.711  0.3683  0.4082  0.1099  0.7214   0.998  0.1601  0.8008  0.8284  0.3991  0.2045
  std. dev.   0.0547  0.1279  0.1582  0.1704  0.1863  0.1493  0.2075  0.0657  0.1793  0.0029  0.1105  0.1238   0.127  0.1532  0.1223

pixel6
  mean        0.3343  0.4507  0.4297   0.506   0.634  0.4237  0.2789  0.5255  0.5737  0.5553  0.5213  0.5284  0.4718   0.531  0.6205
  std. dev.   0.1746  0.2097  0.1894  0.1846  0.1994  0.1349   0.131  0.1845  0.2061  0.2116  0.1867  0.1782  0.1968   0.174  0.1936

pixel7
  mean        0.3173  0.4307  0.4243  0.5152  0.6387  0.4235  0.2751  0.5174  0.5934  0.5513  0.5221  0.5312  0.4793  0.5268  0.6246
  std. dev.   0.1689  0.2066  0.1887  0.1802  0.2015  0.1334   0.128   0.181  0.2066  0.2156  0.1858  0.1804  0.1968   0.174  0.1909

pixel8
  mean        0.1242  0.4633  0.6019  0.3779  0.7425  0.3893   0.315  0.2812  0.4757  0.7657   0.134   0.634  0.4221  0.5385  0.4323
  std. dev.   0.0965  0.2177  0.2087  0.2049  0.1657  0.1719  0.1915  0.1824  0.2521  0.2808   0.086  0.2078   0.275  0.1916  0.2383

pixel9
  mean        0.0788  0.3308  0.6108  0.3765  0.6653  0.3437  0.3431  0.1413  0.5117  0.9959  0.1332  0.6477  0.5792  0.4409  0.2793
  std. dev.   0.0604  0.2022  0.2189  0.2036  0.2152  0.1698  0.2144  0.0898  0.2616  0.0061  0.0912  0.2235  0.2884  0.1892  0.1937

pixel10
  mean        0.4045  0.5454  0.5543  0.6061   0.826  0.5217  0.3524  0.6714  0.7266  0.6834  0.5851  0.6877    0.56   0.683  0.8097
  std. dev.   0.1843  0.1989  0.1788  0.1755  0.0882  0.1316  0.1519   0.125  0.1718  0.1958  0.2084  0.1326  0.1946  0.1288  0.1055

pixel11
  mean        0.2458  0.4463  0.5539  0.3748  0.6172  0.3852  0.3645   0.258  0.4922  0.6769  0.2695  0.6143  0.4845   0.472  0.3358
  std. dev.   0.2394  0.2736  0.2647  0.2672  0.2736  0.2376  0.2582  0.2256  0.3142  0.3317  0.2672  0.2693    0.32  0.2663  0.2771

pixel12
  mean         0.303  0.3707  0.4378  0.6607  0.8227  0.4905  0.2951   0.621  0.8177  0.6529  0.6344  0.6657  0.5597  0.6558    0.82
  std. dev.   0.1439  0.1405  0.1422  0.0796  0.0729  0.0695  0.1076  0.0941  0.0618  0.2013  0.1444  0.0829  0.1499  0.0755  0.0666

pixel13
  mean         0.328  0.4077   0.464  0.6883  0.8489  0.5212   0.315  0.6603  0.8371  0.6773  0.6618  0.6931  0.5874  0.6907  0.8425
  std. dev.   0.1471  0.1461  0.1385  0.0701  0.0609  0.0657   0.111  0.0844   0.055  0.1897  0.1388   0.075  0.1427  0.0713  0.0589

Clustered Instances

 0       1950 (  5%)
 1       1937 (  5%)
 2       2843 (  8%)
 3       2674 (  7%)
 4       2190 (  6%)
 5       3411 ( 10%)
 6       2611 (  7%)
 7       2304 (  6%)
 8       2166 (  6%)
 9        754 (  2%)
10       2050 (  6%)
11       2885 (  8%)
12       1941 (  5%)
13       3837 ( 11%)
14       2334 (  7%)


Log likelihood: 4.87973


Class attribute: emotion
Classes to Clusters:

    0    1    2    3    4    5    6    7    8    9   10   11   12   13   14  <-- assigned to cluster
  299  396  538  357  213  452  451  251  199  132  198  406  308  543  210 | angry
   25   20   67   25   36   54   35   44   21   12   16   54   14   72   52 | disgust
  241  260  469  391  373  388  276  247  324  140  230  584  341  505  352 | fear
  465  566  737  648  483  987  612  747  369  142  548  655  412 1079  539 | happy
  386  221  293  528  358  645  504  437  445   94  537  328  325  608  489 | neutral
  448  389  540  448  242  663  647  360  291   64  331  430  354  584  286 | sad
   86   85  199  277  485  222   86  218  517  170  190  428  187  446  406 | surprise

Cluster  0 <-- No class
Cluster  1 <-- No class
Cluster  2 <-- angry
Cluster  3 <-- No class
Cluster  4 <-- No class
Cluster  5 <-- neutral
Cluster  6 <-- sad
Cluster  7 <-- No class
Cluster  8 <-- surprise
Cluster  9 <-- No class
Cluster 10 <-- No class
Cluster 11 <-- fear
Cluster 12 <-- No class
Cluster 13 <-- happy
Cluster 14 <-- disgust

Incorrectly clustered instances :	31825.0	 88.6811 %

Classes to clusters
[-1 -1  0 -1 -1  4  5 -1  6 -1 -1  2 -1  3  1]
Clustered data in 8.000352621078491 secs.
