
EM
==

Number of clusters: 10
Number of iterations performed: 100


            Cluster
Attribute         0       1       2       3       4       5       6       7       8       9
              (0.1)  (0.12)  (0.09)  (0.08)  (0.14)   (0.1)  (0.09)  (0.09)   (0.1)  (0.08)
============================================================================================
pixel0
  mean        0.7897  0.6753  0.6638  0.3461  0.4954   0.528  0.6587   0.834  0.3055  0.6702
  std. dev.   0.0893  0.0751  0.1374  0.1525  0.0943  0.1407  0.1067  0.0628  0.1121  0.1231

pixel1
  mean        0.7225  0.6456  0.5963  0.4582  0.5202  0.5602  0.6399  0.7599   0.394  0.6141
  std. dev.   0.1474  0.1344  0.1864  0.1975  0.1546  0.1784  0.1555  0.1436  0.1768  0.1765

pixel2
  mean        0.7566  0.6649   0.242  0.3557  0.5319  0.6654  0.6228  0.6429   0.395  0.1802
  std. dev.    0.143  0.1431  0.1279  0.2329  0.1808  0.1533  0.1748  0.2248  0.2237  0.1038

pixel3
  mean        0.7782   0.683  0.2563  0.3494  0.5412  0.6738  0.6509  0.6793  0.3943  0.1919
  std. dev.   0.1304  0.1312  0.1362  0.2219  0.1736  0.1442  0.1538  0.2127   0.217  0.1091

pixel4
  mean        0.8356  0.4715  0.7661  0.0835   0.346  0.7771  0.1266  0.3289  0.4482  0.1976
  std. dev.   0.1267   0.145  0.1809  0.0597  0.1442  0.1492  0.0763  0.1926  0.2343  0.1303

pixel5
  mean         0.836  0.4849  0.7704   0.089  0.3534  0.7763   0.131   0.349  0.4505  0.2134
  std. dev.   0.1255  0.1439  0.1802  0.0642  0.1454  0.1496  0.0789  0.2026  0.2329  0.1421

pixel6
  mean        0.5939  0.5367  0.5115  0.3598  0.4392  0.4588  0.5272  0.6327  0.3057  0.5199
  std. dev.   0.2023  0.1688  0.2001  0.1829  0.1601  0.1908  0.1915  0.1879  0.1547  0.1878

pixel7
  mean        0.5996   0.538  0.5231  0.3431  0.4356  0.4572   0.521  0.6391  0.2982  0.5224
  std. dev.   0.2071  0.1677  0.2001  0.1778  0.1566  0.1901  0.1888  0.1849  0.1501  0.1872

pixel8
  mean        0.7022  0.5379  0.4259  0.1506  0.4331  0.6285  0.3682    0.49  0.3757  0.1822
  std. dev.   0.2162   0.194  0.2733  0.1158  0.1855  0.2193  0.2232  0.2434  0.2255  0.1253

pixel9
  mean        0.7118  0.4676  0.5598  0.0952  0.3654   0.661  0.2208   0.364  0.3966  0.1804
  std. dev.   0.2281  0.1944  0.2937  0.0711  0.1798  0.2316  0.1696  0.2268  0.2396  0.1285

pixel10
  mean         0.772  0.6772  0.6079  0.4306  0.5338  0.5977  0.6807   0.822  0.3934  0.6027
  std. dev.    0.132  0.1316  0.1933  0.1898  0.1542  0.1733  0.1373    0.09   0.175  0.1984

pixel11
  mean         0.641  0.4861  0.4804  0.2612  0.4138  0.5784  0.2989  0.3986  0.4099  0.2889
  std. dev.   0.2806  0.2659  0.3244  0.2437  0.2483   0.275   0.248  0.2888   0.275  0.2676

pixel12
  mean        0.7844  0.6687  0.6543  0.3289  0.4826  0.5105  0.6506   0.829  0.2883  0.6583
  std. dev.   0.0913  0.0682  0.1427  0.1467  0.0935  0.1429  0.0998  0.0619  0.1092  0.1237

pixel13
  mean        0.8084   0.701  0.6811   0.356  0.5155  0.5377  0.6885  0.8512  0.3071  0.6866
  std. dev.   0.0813  0.0656  0.1325  0.1498  0.0868  0.1373  0.0865  0.0544  0.1107  0.1163

Clusterer Built in 62.69434094429016 secs.

Clustering data.
Cluster results

EM
==

Number of clusters: 10
Number of iterations performed: 100


            Cluster
Attribute         0       1       2       3       4       5       6       7       8       9
              (0.1)  (0.12)  (0.09)  (0.08)  (0.14)   (0.1)  (0.09)  (0.09)   (0.1)  (0.08)
============================================================================================
pixel0
  mean        0.7897  0.6753  0.6638  0.3461  0.4954   0.528  0.6587   0.834  0.3055  0.6702
  std. dev.   0.0893  0.0751  0.1374  0.1525  0.0943  0.1407  0.1067  0.0628  0.1121  0.1231

pixel1
  mean        0.7225  0.6456  0.5963  0.4582  0.5202  0.5602  0.6399  0.7599   0.394  0.6141
  std. dev.   0.1474  0.1344  0.1864  0.1975  0.1546  0.1784  0.1555  0.1436  0.1768  0.1765

pixel2
  mean        0.7566  0.6649   0.242  0.3557  0.5319  0.6654  0.6228  0.6429   0.395  0.1802
  std. dev.    0.143  0.1431  0.1279  0.2329  0.1808  0.1533  0.1748  0.2248  0.2237  0.1038

pixel3
  mean        0.7782   0.683  0.2563  0.3494  0.5412  0.6738  0.6509  0.6793  0.3943  0.1919
  std. dev.   0.1304  0.1312  0.1362  0.2219  0.1736  0.1442  0.1538  0.2127   0.217  0.1091

pixel4
  mean        0.8356  0.4715  0.7661  0.0835   0.346  0.7771  0.1266  0.3289  0.4482  0.1976
  std. dev.   0.1267   0.145  0.1809  0.0597  0.1442  0.1492  0.0763  0.1926  0.2343  0.1303

pixel5
  mean         0.836  0.4849  0.7704   0.089  0.3534  0.7763   0.131   0.349  0.4505  0.2134
  std. dev.   0.1255  0.1439  0.1802  0.0642  0.1454  0.1496  0.0789  0.2026  0.2329  0.1421

pixel6
  mean        0.5939  0.5367  0.5115  0.3598  0.4392  0.4588  0.5272  0.6327  0.3057  0.5199
  std. dev.   0.2023  0.1688  0.2001  0.1829  0.1601  0.1908  0.1915  0.1879  0.1547  0.1878

pixel7
  mean        0.5996   0.538  0.5231  0.3431  0.4356  0.4572   0.521  0.6391  0.2982  0.5224
  std. dev.   0.2071  0.1677  0.2001  0.1778  0.1566  0.1901  0.1888  0.1849  0.1501  0.1872

pixel8
  mean        0.7022  0.5379  0.4259  0.1506  0.4331  0.6285  0.3682    0.49  0.3757  0.1822
  std. dev.   0.2162   0.194  0.2733  0.1158  0.1855  0.2193  0.2232  0.2434  0.2255  0.1253

pixel9
  mean        0.7118  0.4676  0.5598  0.0952  0.3654   0.661  0.2208   0.364  0.3966  0.1804
  std. dev.   0.2281  0.1944  0.2937  0.0711  0.1798  0.2316  0.1696  0.2268  0.2396  0.1285

pixel10
  mean         0.772  0.6772  0.6079  0.4306  0.5338  0.5977  0.6807   0.822  0.3934  0.6027
  std. dev.    0.132  0.1316  0.1933  0.1898  0.1542  0.1733  0.1373    0.09   0.175  0.1984

pixel11
  mean         0.641  0.4861  0.4804  0.2612  0.4138  0.5784  0.2989  0.3986  0.4099  0.2889
  std. dev.   0.2806  0.2659  0.3244  0.2437  0.2483   0.275   0.248  0.2888   0.275  0.2676

pixel12
  mean        0.7844  0.6687  0.6543  0.3289  0.4826  0.5105  0.6506   0.829  0.2883  0.6583
  std. dev.   0.0913  0.0682  0.1427  0.1467  0.0935  0.1429  0.0998  0.0619  0.1092  0.1237

pixel13
  mean        0.8084   0.701  0.6811   0.356  0.5155  0.5377  0.6885  0.8512  0.3071  0.6866
  std. dev.   0.0813  0.0656  0.1325  0.1498  0.0868  0.1373  0.0865  0.0544  0.1107  0.1163

Clustered Instances

 0       3701 ( 10%)
 1       4405 ( 12%)
 2       3331 (  9%)
 3       2809 (  8%)
 4       5206 ( 15%)
 5       3558 ( 10%)
 6       3292 (  9%)
 7       3167 (  9%)
 8       3445 ( 10%)
 9       2973 (  8%)


Log likelihood: 4.32002


Class attribute: emotion
Classes to Clusters:

    0    1    2    3    4    5    6    7    8    9  <-- assigned to cluster
  397  602  457  430  785  642  412  283  627  318 | angry
   65   86   21   32   75   69   60   56   55   28 | disgust
  692  623  568  336  650  634  385  477  409  347 | fear
  759 1195  647  693 1516  888  972  726  837  756 | happy
  471  700  626  572  838  381  587  683  597  743 | neutral
  435  693  523  618 1009  628  519  366  806  480 | sad
  882  506  489  128  333  316  357  576  114  301 | surprise

Cluster  0 <-- surprise
Cluster  1 <-- fear
Cluster  2 <-- No class
Cluster  3 <-- No class
Cluster  4 <-- happy
Cluster  5 <-- angry
Cluster  6 <-- disgust
Cluster  7 <-- No class
Cluster  8 <-- sad
Cluster  9 <-- neutral

Incorrectly clustered instances :	30615.0	 85.3094 %

Classes to clusters
[ 6  2 -1 -1  3  0  1 -1  5  4]
Clustered data in 0.4208207130432129 secs.
