
EM
==

Number of clusters: 7
Number of iterations performed: 100


            Cluster
Attribute         0       1       2       3       4       5       6
             (0.14)  (0.13)  (0.19)  (0.13)  (0.14)  (0.12)  (0.14)
====================================================================
pixel0
  mean        0.3428  0.6424   0.586  0.6995  0.7442  0.7935  0.4054
  std. dev.   0.1357  0.1355  0.0974  0.1174  0.1155  0.0783  0.1372

pixel1
  mean        0.4284  0.6295  0.5817  0.6188    0.69   0.741  0.4702
  std. dev.   0.1827  0.1672  0.1479  0.1811  0.1598  0.1345  0.1838

pixel2
  mean        0.3741  0.4031  0.6351  0.2409  0.7333  0.7142  0.4857
  std. dev.   0.2209  0.2464  0.1396  0.1264  0.1491  0.1582   0.235

pixel3
  mean        0.3716  0.4215  0.6505  0.2583  0.7528  0.7448  0.4885
  std. dev.   0.2133  0.2444  0.1279  0.1354  0.1388  0.1393  0.2293

pixel4
  mean         0.185  0.1161  0.4138  0.5936   0.832  0.3423  0.6507
  std. dev.   0.1284  0.0742   0.181  0.2604  0.1273  0.1863   0.214

pixel5
  mean        0.1927  0.1229  0.4222  0.6066  0.8322  0.3597   0.649
  std. dev.   0.1323  0.0791   0.181  0.2552  0.1272  0.1949  0.2153

pixel6
  mean        0.3352  0.5324  0.4762  0.5303  0.5696   0.617  0.3867
  std. dev.   0.1639  0.1866  0.1688  0.1964  0.2009  0.1793  0.1823

pixel7
  mean        0.3231  0.5286  0.4739  0.5415  0.5745    0.62  0.3831
  std. dev.   0.1586   0.184  0.1662  0.1956  0.2048  0.1782  0.1806

pixel8
  mean        0.2458  0.2086  0.5167  0.3756  0.6902  0.5252  0.5021
  std. dev.   0.1754  0.1467  0.1866  0.2464  0.2156  0.2264  0.2514

pixel9
  mean        0.1912  0.1339  0.4367  0.4544  0.7085    0.39  0.5593
  std. dev.   0.1434  0.0875  0.1907  0.2761  0.2263   0.221  0.2556

pixel10
  mean         0.413  0.6412  0.6078  0.6329  0.7379  0.7942  0.4868
  std. dev.   0.1771  0.1719  0.1458  0.1873   0.149  0.1023  0.1878

pixel11
  mean        0.3143  0.2528  0.4549  0.4407  0.6356  0.4276  0.4917
  std. dev.    0.249   0.238  0.2586  0.3136  0.2781  0.2849  0.2836

pixel12
  mean        0.3255  0.6333  0.5795  0.6915  0.7362  0.7866  0.3836
  std. dev.   0.1309   0.131  0.0935  0.1191  0.1199  0.0776  0.1354

pixel13
  mean        0.3514  0.6663  0.6131  0.7179  0.7619  0.8141  0.4066
  std. dev.   0.1353  0.1213   0.088  0.1085  0.1086  0.0688  0.1333

Clusterer Built in 40.04794001579285 secs.

Clustering data.
Cluster results

EM
==

Number of clusters: 7
Number of iterations performed: 100


            Cluster
Attribute         0       1       2       3       4       5       6
             (0.14)  (0.13)  (0.19)  (0.13)  (0.14)  (0.12)  (0.14)
====================================================================
pixel0
  mean        0.3428  0.6424   0.586  0.6995  0.7442  0.7935  0.4054
  std. dev.   0.1357  0.1355  0.0974  0.1174  0.1155  0.0783  0.1372

pixel1
  mean        0.4284  0.6295  0.5817  0.6188    0.69   0.741  0.4702
  std. dev.   0.1827  0.1672  0.1479  0.1811  0.1598  0.1345  0.1838

pixel2
  mean        0.3741  0.4031  0.6351  0.2409  0.7333  0.7142  0.4857
  std. dev.   0.2209  0.2464  0.1396  0.1264  0.1491  0.1582   0.235

pixel3
  mean        0.3716  0.4215  0.6505  0.2583  0.7528  0.7448  0.4885
  std. dev.   0.2133  0.2444  0.1279  0.1354  0.1388  0.1393  0.2293

pixel4
  mean         0.185  0.1161  0.4138  0.5936   0.832  0.3423  0.6507
  std. dev.   0.1284  0.0742   0.181  0.2604  0.1273  0.1863   0.214

pixel5
  mean        0.1927  0.1229  0.4222  0.6066  0.8322  0.3597   0.649
  std. dev.   0.1323  0.0791   0.181  0.2552  0.1272  0.1949  0.2153

pixel6
  mean        0.3352  0.5324  0.4762  0.5303  0.5696   0.617  0.3867
  std. dev.   0.1639  0.1866  0.1688  0.1964  0.2009  0.1793  0.1823

pixel7
  mean        0.3231  0.5286  0.4739  0.5415  0.5745    0.62  0.3831
  std. dev.   0.1586   0.184  0.1662  0.1956  0.2048  0.1782  0.1806

pixel8
  mean        0.2458  0.2086  0.5167  0.3756  0.6902  0.5252  0.5021
  std. dev.   0.1754  0.1467  0.1866  0.2464  0.2156  0.2264  0.2514

pixel9
  mean        0.1912  0.1339  0.4367  0.4544  0.7085    0.39  0.5593
  std. dev.   0.1434  0.0875  0.1907  0.2761  0.2263   0.221  0.2556

pixel10
  mean         0.413  0.6412  0.6078  0.6329  0.7379  0.7942  0.4868
  std. dev.   0.1771  0.1719  0.1458  0.1873   0.149  0.1023  0.1878

pixel11
  mean        0.3143  0.2528  0.4549  0.4407  0.6356  0.4276  0.4917
  std. dev.    0.249   0.238  0.2586  0.3136  0.2781  0.2849  0.2836

pixel12
  mean        0.3255  0.6333  0.5795  0.6915  0.7362  0.7866  0.3836
  std. dev.   0.1309   0.131  0.0935  0.1191  0.1199  0.0776  0.1354

pixel13
  mean        0.3514  0.6663  0.6131  0.7179  0.7619  0.8141  0.4066
  std. dev.   0.1353  0.1213   0.088  0.1085  0.1086  0.0688  0.1333

Clustered Instances

0       5217 ( 15%)
1       4719 ( 13%)
2       6776 ( 19%)
3       4599 ( 13%)
4       5191 ( 14%)
5       4428 ( 12%)
6       4957 ( 14%)


Log likelihood: 3.87102


Class attribute: emotion
Classes to Clusters:

    0    1    2    3    4    5    6  <-- assigned to cluster
  881  502 1018  599  654  444  855 | angry
   73   59  125   29   97   85   79 | disgust
  584  518  975  697  971  655  721 | fear
 1285 1420 1831  936 1091 1121 1305 | happy
  982 1052 1007  960  662  833  702 | neutral
 1186  723 1210  718  684  541 1015 | sad
  226  445  610  660 1032  749  280 | surprise

Cluster 0 <-- sad
Cluster 1 <-- neutral
Cluster 2 <-- happy
Cluster 3 <-- fear
Cluster 4 <-- surprise
Cluster 5 <-- disgust
Cluster 6 <-- angry

Incorrectly clustered instances :	29149.0	 81.2244 %

Classes to clusters
[5 4 3 2 6 1 0]
Clustered data in 0.2044086456298828 secs.
